-1.278440419815066731e-01
9.715999361417491098e-01
1.525841765338521944e-03
4.711377003255128038e-03
-5.603646632893874990e-01
7.313520042584891780e-04
-4.294518505300958466e+00
1.045490303129132346e-02
-6.256248939830591667e-03
1.910940882119914301e-03
2.031399755969004114e-02
1.967697985039330508e-03
5.355294079099879451e-03
1.071051029608051097e-01
-2.273736373376304860e-05
2.242756802888402901e-02
9.910878543686671427e-02
2.400731875483147482e-03
-6.210683726978530217e+00
1.920323455991826744e+00
5.461508156181008738e-02
-6.029473502967975899e-04
-7.674522233455274671e-03
-2.906630530097254958e-02
1.169494727400844369e-01
1.674144955483436101e-02
9.623938888809070030e-03
-3.604135979323835198e-02
-1.320396755465587935e-01
2.068967210568011493e-03
-3.116930104760792797e-02
4.005137693554050027e-01
-1.231503108719759904e-01
4.431667065627586943e-03
1.347887738576025903e-02
1.025687994141100123e-02
1.927446094775557821e-03
2.634818180587794427e-04
3.978816382424530231e-04
-8.479620626155963403e-02
-2.057259985434970184e-01
3.383960129972506808e-03
-2.048517233229706358e-01
4.586264228477963381e-04
1.248965870492218123e-03
1.148634453485670830e-03
3.921003573656394181e+00
-7.674289080026718501e+00
4.964413939259000874e-01
1.216422440657811244e+00
-6.994643745484704911e-02
-1.392168090148195492e-04
2.409527159216673549e-03
1.296298768176109423e-02
-2.282490278743994239e+00
-1.224011675938938698e-01
8.385513839672194443e-04
1.059173853775650237e-01
-2.452633044973410916e-04
4.474806414444579272e-01
6.612993195408334302e-01
-4.054068343769859015e-03
2.336466652415795583e-03
-3.746908975779792428e-01
3.722954105600953870e-04
2.019467427976619038e-03
-2.478892462084210102e-01
4.641267030745329092e-01
-1.802064984118038615e-01
2.590225792502814060e-03
-1.105351335644305932e-01
1.577216776734929438e+00
2.987873658880276125e-03
3.257164307243901741e-02
4.518832978338761103e-03
6.232122496248076364e-04
-1.056787823259912069e-03
1.481903634091563005e+00
3.020832210053566759e-04
-8.757607427701027403e-01
5.460351739167079547e-03
5.020912119473835977e-03
-3.593109540638522812e-03
1.412939758209482734e-02
-1.178456625395493673e-02
5.862975839517222103e-05
1.565516886506455707e+00
5.270667919476204090e-04
-2.387622031097914009e-03
9.021450585018950252e-02
-7.544204700636097938e-02
-2.033128551867250181e-04
-6.942953521207349821e-02
-2.048039898087255367e-03
2.757436609354809234e-02
7.257546284520074997e-02
-5.132861712597289738e-01
2.162851809082726520e-03
-1.505558017132402060e-01
1.298668636937187933e-02
1.202988743183135284e-01
8.917246630437471178e-02
9.956079800035230742e-02
1.156436694760725782e-02
-4.986759101289157947e-03
6.800195944238234258e-01
1.095817064274850865e-03
4.705516660437695231e-01
1.027795997448694015e-01
2.381620946045848522e-03
-6.699344800690388430e-03
2.165610789431586178e-02
-1.773373118423853256e-01
1.311853145076199295e-03
-6.155320177467313997e-02
-3.550729874174753282e-03
2.204880583890616794e-02
1.325804343746788392e-04
-1.685981501642751397e-04
2.559662468190674472e-03
6.607758376765038473e-03
-1.061282236449791611e-01
1.531133317758926263e-02
8.675869662601316534e-01
9.931852197604400523e-01
1.373106409614557183e-02
3.182260161915238719e-03
-9.200379932141306699e-03
7.700415148170389971e-04
-5.303479976271931129e+00
3.706848050247354975e-02
2.337313877187901460e-03
-1.880785097975587114e-05
-2.107625120782267991e-01
-1.295840701652878346e-01
7.525058892624307549e-02
-2.484688497808354088e-03
3.950323982014531499e+00
2.235363110171032647e-03
3.881254595226521498e-05
1.469025345993773234e-02
-2.040026043098025210e-01
-3.312027829072491936e-02
-7.326896536647103941e-01
1.566406672144975316e-03
-5.013871813035552377e-02
-3.069969567316269132e-01
1.223344169108374693e-02
1.039401587310747905e-03
1.560738862377909200e-03
-9.505606539498735741e-02
-3.090691243185967468e-03
-6.137130290136732971e-04
9.052588996699495461e-02
-1.074422935147665015e-01
5.471455945312954719e-04
8.401876750858134901e-01
2.271225783461759858e-03
1.564195569367553317e-03
-2.290736257220397226e-02
-2.035892988035253648e+00
-2.195489183038748342e-03
4.295513910135552171e-01
6.093239760064306926e-02
-4.322228004938960533e-02
1.353062955489031660e-02
-4.263897625942884240e+00
-1.812196384102700841e-01
-7.958015836813220112e+00
-7.720345781469673679e-04
-8.153175889289160025e-03
-1.242892404940030941e-03
-1.056656619159083987e-02
8.951252891161533276e-03
1.494451325693742227e-02
-7.449838422393166570e-02
4.025064215196880291e+00
-4.355629301935363615e-03
7.816097013411951733e-02
-3.848688657920175782e+00
8.904563361355152286e-04
5.050135891918350772e+00
6.696406433084103882e-02
5.314269332504980301e-04
3.372228274350529825e-02
-3.078991540091453150e+00
2.130836259259177856e-02
3.283823205010171442e+00
-1.552383753523130239e-03
-1.408788669188320297e-01
1.567144465741885078e-03
-2.949066239943333390e+00
-2.362340425362484453e+00
1.834644839194902732e-01
2.879908237260972101e-02
5.114151101224089224e+00
-9.573841497819028656e-03
3.621463419383494191e-04
-1.124567207781131117e-02
9.185806293686661281e-04
4.048299016371904695e-04
-1.313349941362131901e-01
-1.779759981703692706e-01
8.450985115007006443e-02
4.380730703147227012e-01
1.636627889183508294e-02
1.152691562764764255e+00
9.071568510093119819e-02
-1.044158063611659885e-03
1.549986354407188571e+00
-3.507318217708402242e-03
1.567070027629408144e-03
2.570861137137074592e-02
-2.876106073757437320e-01
-2.375886242341620935e+00
7.562704057860907859e-04
1.058973140917436995e+00
1.310824391000560418e-03
-4.909757388637365182e-05
-3.988096869153045371e-02
5.103317380816159432e-02
2.893788632689104235e-04
1.255606793228627137e-03
-4.333474408804960376e+00
1.323967484992700627e-03
1.592287027492454432e-01
1.003416229116383188e-02
4.089863109018437304e-01
3.814819341935014596e-01
-1.004354341916029736e-01
1.701573644994705869e+00
3.361792127507222394e-04
-1.203351073604230076e-01
6.884136290804419508e-03
-1.071571531808828640e-03
1.022141859804192449e-02
5.561383246044911480e-04
1.025550438318839110e-02
9.988840948133729247e-01
4.615456620197160714e-02
-7.207435268874980983e-01
4.481547361513100276e-04
6.804816113452306567e-04
2.045395778099180772e-03
3.048291848439618106e-04
1.458411976169880428e-02
-2.194771107134542987e-01
2.563578858979156383e-01
-9.261951270055177043e-02
9.610911064639815482e-02
4.074243514279921562e-04
-2.850964443519437425e-03
-1.584811363264738157e-03
1.561845437076005887e-03
1.056965213848798726e-02
1.378338109962283856e-02
7.449263257491460510e-02
8.318409769698434895e-04
2.505513827513214213e-04
-9.844687879683662601e-02
6.264460510369212294e-04
1.622324430876781378e-03
9.027556498062876134e-02
9.363505762359117073e-04
-4.665958234773920132e+00
2.422578736393630333e-02
-5.715554681948216142e-01
5.314077698769464203e-02
5.033725900298758466e-04
-5.739209851720001448e-02
-3.235987805732360445e-01
8.247228609158770984e-01
5.728332096474775259e-03
1.226504433261556845e-03
6.756038196877758688e-04
4.022703161035273960e-04
1.861796456672033459e-02
4.271012000290086430e-02
8.897841244613568200e-04
1.108565231886993185e-02
-1.273874697521762689e-01
1.083015580071894184e-02
2.668114188063215684e-03
-1.482785356955006704e-03
-1.481078850857290852e-01
1.270352680558505584e-03
-9.685138364548093737e-01
8.307355176826623430e-04
-5.299314404618830077e-01
7.109506424875759123e+00
-1.479087202921209598e-01
7.122259430438451222e-01
1.182484171192965672e-02
-6.549657147417668746e-02
-1.895936547248562309e-01
3.239015283025745671e-04
1.475779380943746145e-03
8.566327437755860696e-02
3.274400302942000185e-02
-2.248393428238359970e-02
-1.340970285097377868e-01
1.630011290737701062e-03
2.263521559494416913e-01
8.268641360757151768e-03
1.827104920400768155e-03
1.750146206842629129e-04
6.194266539563972884e+00
-8.621570910814002620e-02
9.976185597491260548e-01
-2.655558079710303599e-04
4.433781408055599282e-01
4.996818702477415219e-02
3.156427296563051876e-01
1.664389934990445586e-03
-6.527232240112014416e+00
2.710061530148061948e+00
1.197499247736094532e-03
2.238350549138565584e-02
-3.272175163187784008e+00
-4.680738449615934327e-02
-9.607527728464862905e-04
1.421107811472363276e-03
3.055176819660509763e-03
2.337492104801722898e-03
1.769277613611622106e-03
-2.958260223533087263e+00
-4.930723384683656008e+00
-1.576915772323773113e-01
-3.820243076365309687e+00
-2.555949520846929543e-02
-8.105904062975881601e-04
3.106636346457088416e-01
6.750969096832276639e-02
8.879455228866552918e-01
2.308374806484454495e-03
7.617686520408731288e-02
-4.727095160228796111e-03
-1.723082169787668039e-01
-3.988772675774604481e-02
-6.860003765155239241e-01
-1.404600868721771478e-01
2.627811721598104049e-03
1.788637063116290879e-02
-1.076618266299736275e-02
3.846430013407097004e+00
5.502661268646544084e-03
2.443517008688330522e-03
-9.296422919392699491e-02
-7.930726814943150904e-02
6.227926197705151677e-03
-1.089751843945483507e-03
7.789201629910814939e-02
-1.113553736282524298e-01
7.939771531464993523e-04
-1.041996505341262480e-02
9.846276545600987640e-02
-1.737804119927893076e+00
-3.514162762870496476e-02
4.144808486824646393e-04
1.458173958040853181e-02
2.146449117672725223e-03
8.141393576330396842e-02
3.481182614561090238e-02
-2.337614837263078671e-02
-3.809955301780031806e-03
1.634002903644431919e-03
-1.080597620013089982e-01
1.247058912287353841e-03
-9.187273902620817639e-03
-6.285426281502214975e-03
7.153381341013237416e-02
2.882402884711206693e-03
-7.726937113748737554e-03
1.154132280721401407e-04
6.668274907683958020e-04
1.040200563942578649e+00
2.864821635324164839e-02
-1.560819569735259760e-02
2.582860481042424314e-02
-3.799774263797130094e-03
1.062697327665971907e-02
1.148411546008727170e-03
3.266156913383411100e-04
3.237330821491996892e-03
8.405057647353133404e-04
-1.066457021590443838e-01
-7.594959345520063167e-03
1.353555691190848473e-03
-7.685340836821916155e-02
-3.192291897037027870e-03
-6.539603706641663017e+00
1.154820509679350127e-01
2.391132874710147436e-03
3.722999046878618046e+00
3.567018979984471535e-04
-1.929851214019746297e-01
-1.476834709485105590e-01
-5.713680081968463220e+00
-4.169185712929376897e-02
8.521546935312952764e-02
5.616612041738686502e-04
-1.301320696808555208e-04
1.175648813847077678e-03
1.622344101073242006e-02
-3.003823414179943724e-02
-9.989090172188598571e-02
7.542862652792603831e-03
-7.007089340992547655e+00
-4.682981887565136961e-04
5.354499083425605654e-01
9.507230464666813208e-02
1.117412511372555262e-01
1.349656533493031729e-03
1.337886333256218217e-02
-2.164294930379686288e-01
6.358661445803298617e-02
1.476366278401254747e-03
-5.511994595670486469e-02
1.130100029911119019e+00
2.945361522550629142e-03
-1.436846299576894498e-02
-3.127721550131383997e-03
-4.717947966494212032e-03
1.479354061990208136e+00
1.796502923379711403e-02
2.286190782327925325e-04
-1.223717433939477267e-01
2.910210280323889398e-01
-1.703926260751726096e-01
2.389110586047215462e-02
-1.242374337933174200e+00
1.448202260928528606e-02
-4.005929908820962670e-02
-5.117588356105039482e-01
-4.549225337256539159e-03
-2.523582716492942316e-02
1.740922559251190278e-04
2.584891047669024555e-01
-1.953386946766456130e-04
5.112932737745957794e-04
-8.727233486687628605e-03
1.610216868842177185e+00
9.469408704913333530e-01
-3.507721393467414135e-03
1.621105463167970195e-03
4.406060806096215865e-01
2.206887180465686056e-03
4.343926273883371714e-01
1.294401350449370103e-01
4.440945930566403410e-03
7.259603225826488648e-01
-6.766562295609594713e-02
-6.640046547354917783e-02
3.538419914199167869e-04
1.254298442756530485e-03
-1.323924506700119852e-01
-2.780689482163555687e-02
8.560520693227221534e-01
7.184179989697076607e+00
2.442629594339350285e-02
-8.424363592443176452e-02
5.196678266178230032e+00
-5.568808610363436620e-03
-3.565885211590805182e-02
5.575552069975544568e-04
2.569209537727938988e-02
1.231090992436508214e-01
1.514279275348433436e-02
7.331048094799957893e-02
6.338397062810323303e-04
-2.922261896866091280e-01
-3.441053926144020669e-02
-8.836872879992856866e+00
1.334937983822475083e+00
1.859733032002889078e-04
-1.315695829160469683e-02
2.967369611375394838e-03
2.041911484771284646e-02
5.895070676767818485e-01
3.116707113915396024e-03
-1.633612733538217510e-01
-1.668020510197461836e-01
-5.556116734606345031e-02
-4.663211256078355627e-01
1.197893385028477448e-01
-6.393001666834114971e-01
1.227450383178660398e-03
-2.246381400379071913e-01
-3.305133793816818297e-03
7.875571246826036653e-03
-8.308155876578617646e-05
7.121665909002455885e-02
-9.909093429197007689e-04
4.360743143544459021e-04
7.729980089425324795e-04
8.171742415531928483e-01
5.367644273792916421e-01
-3.467096756259006041e-01
-4.365401131986885730e-01
9.378302061954249536e-02
4.597944482942020739e-01
1.683470500879992796e-02
-3.715626106126387190e-02
5.391892342679401040e-03
7.197852526430308095e-02
1.111634797303774451e-04
-6.339813607742366131e-01
4.103641442778656334e-02
1.447122623274560427e-02
-5.524172842853490931e-03
4.863505306115979525e-03
1.043786304895033025e-02
-5.765492393972986296e-01
9.776914851103343795e-02
6.116848216282806394e-01
3.449883570710750302e-04
-2.844995042219305536e-04
-1.458557111757828872e-01
6.095950454886942937e-04
-2.788879009502143614e-03
-3.271078821149311366e+00
-7.879754294595939790e-01
-1.365105711987482096e-01
-1.073620953661602873e-01
3.205595437151040512e-03
-4.348254288741842249e-03
-3.639272775994321751e+00
4.982454279542944224e-05
4.932873768339740951e-04
1.380715872601349925e-02
5.158000278715269872e-04
-9.659543240461219982e-02
9.786363423070637297e-05
2.785500879973638443e-03
2.960780806208632501e-04
1.940419985820692611e-02
6.678792022044464580e-04
1.586577288558376451e-04
3.780915055132284125e-02
5.413509734243167511e-04
4.610870856044918531e-03
3.730390545905750387e-04
-9.848634110100257244e-02
1.726351757168170103e-02
3.523918213740096395e+00
5.059117462897977022e-04
6.545278472033036650e-03
-1.722635163180052387e-01
2.187647318789138779e-03
1.409664803400030022e-03
4.363988229453023837e-02
1.064315667798365617e-02
2.933165304671215418e-02
1.315460090664088066e-03
2.258214108386407126e-01
7.521139603784404715e-02
7.884713645488547820e-03
4.761576504114429786e-01
1.539161359083600911e-01
2.381030280923237489e-03
6.847999367601662231e-03
-4.136255686591680636e+00
-3.903989123803362771e-02
-1.451937535098904095e-02
8.009409664998570766e-02
-7.205841662848514462e-01
5.067555217125401246e-01
3.051456616556813550e-04
9.035566727842649082e-02
-1.611760782927772750e-01
1.691025876771031639e-02
1.007147401745128734e-01
1.315371296237282106e-01
9.986121231604534743e-04
6.227161594996171168e-01
4.975910462728529160e-03
8.904835742228774109e-02
9.439486149354805455e-01
-1.239050819215095937e-03
2.520556164707427396e-02
1.656943898654902360e-03
8.552859810267121957e-03
-9.435588568170020229e-01
-3.148463890288227818e-02
4.548089541686946013e-01
-1.266609819934323353e-02
6.084284449215300941e-03
8.930782422858203617e-02
-3.275725140100771643e-04
8.255339361188643310e-02
-2.835742325710458034e-02
-1.025222961493143462e-03
2.045155006576112374e-04
2.736704869527075701e-01
-2.269621513718452221e-01
-5.120625531726161306e+00
-3.134800106681220888e-02
2.049135642469872114e-03
2.845230875946410665e-01
8.523007135680157886e-02
4.327152200664201309e-02
4.590589033079579828e-04
-4.968032618886366159e+00
1.442264877156532914e-03
-9.174946247644022446e-02
1.159610766507467028e-03
1.160348637740383992e+00
8.966838321525124863e-04
-1.836542684624682842e+00
-2.281817461546245020e-03
7.683041635699886440e-04
9.340073724562839019e-02
-1.226677620783634369e-02
-1.045162564594175336e-01
-7.305584621695515590e-02
1.184772324726391171e-02
-4.641968617244349282e+00
4.317867433124417814e-03
-1.154323083654059667e-01
1.179731851558002642e+00
1.067614705789434959e+00
-2.128141650199823556e-02
9.127003850974643468e-04
-5.952524416094460979e-02
-1.246237332434596643e-03
5.884826196952573293e-03
6.647096237007037167e-03
4.719729534569598428e+00
3.386750589267837480e-02
-2.309859179141368624e-01
-1.613502236603653068e-03
-5.629321809656949727e-01
-1.627688514036669531e-04
-7.134588248434287072e-02
-4.967434775764896226e-01
1.323351573820721362e-02
-7.758574263563283897e-03
5.235926727790388840e-05
1.224238471597266509e-02
-6.262248084736350695e-02
-3.326805821451223055e-02
1.685045301181772263e-03
1.088655643109410764e-01
8.500817772400958150e-01
-5.887093709067540814e+00
-1.557163918200971716e-04
-8.756273655275878531e-02
2.107770457340751771e-03
-1.792082697932246768e-02
3.315475321122447663e-03
-3.256663738637088478e-03
3.868360542939425772e-01
1.829784486468841002e-03
1.510719199524449908e-03
1.609149406312328223e-02
-5.131535047652031611e-01
1.006533403834434419e-03
-6.024145432698268122e-04
-1.889412263228156755e-03
-1.160241529839581620e+00
8.980428267411821788e-04
-1.855042349183720907e-01
1.225893213189668644e-03
-9.186756676824246737e-02
6.015381688271131955e-01
1.636267399124798072e-01
1.170570695631979241e+00
-5.862157330206065400e-03
5.806902642105588389e-05
2.203527828485859173e-04
-1.768965583010701781e-01
-9.566928290110333910e-02
1.819726257042124373e-01
1.124527928023077550e+00
4.339850639203193111e-02
-3.763916844172107701e-01
4.071328842494481223e-04
-5.596911710580386445e-02
-1.273393313793897211e-02
4.788159519241085016e-02
7.137690601574510178e-04
1.064805396703942530e-04
1.331478490180347681e-04
9.772329622141744110e-04
8.513573916467291613e-02
-6.045901886148931370e-05
4.630310005056074811e-03
9.896893812379383305e-04
-1.296911448161731373e-01
5.639179790254627012e-01
4.472703527289965779e-03
-1.798403538751772168e-01
8.354519604739473193e-01
2.086190810554212210e-03
7.782659396110814219e-04
-2.781929277518265797e-01
2.000467191151025260e-03
4.061662362032242464e-03
1.136807908279334218e-04
-3.908706893079177958e-06
1.013775112192281780e+00
-4.454237621009711767e-01
9.555262727866911110e-01
6.613911885662536461e-04
6.320786618319042781e-04
-1.638181549719495977e-01
9.288899330133897070e-02
4.085759031476079127e-04
2.851874430897932688e-04
-9.763090146867950403e-04
1.053389873749409691e-02
-5.407469002963456450e-01
6.125451008232334071e-02
-8.279342747298988614e-02
5.168983324285307823e-01
1.884644510466176648e+00
-2.939580953416176534e-03
9.855764421476554543e-04
2.031983451272727503e+00
-1.922688435597937062e-02
-1.419023119831120283e+00
2.607500076084864546e-04
-2.154241542527147654e-03
-3.543805166018583128e-03
6.549642383062197204e-02
4.187012442412292756e+00
-3.596422532690448093e-01
5.353677354110657292e-04
-8.416800948860360398e-03
1.436010966514650766e+00
1.058447564972386373e-01
1.210646155611292822e-04
9.455606408819813846e-02
-1.971593791122569161e+00
1.332366462796197304e+00
-2.280691894918859559e-04
1.136378397776130131e-03
-1.250973890249408083e+00
9.853919495644273066e-03
-1.150216840771528699e-04
1.512319564661809314e-04
2.489982460498501270e-03
8.895420949547819950e-04
2.246025981981827901e-02
1.586231998275073295e-03
-2.033126798796385248e-01
7.580246909840354435e-04
-1.755808419935893649e-01
1.322397820150384914e-02
1.462897285225115210e-02
-2.654701843763499630e-02
-4.716681641400171168e-03
2.953951799499477948e-01
2.869711609441104837e-04
-6.808562681489941149e+00
1.356758039262034171e-04
2.576543158573903723e-03
7.541785474131100786e-01
1.577002063176551321e-03
-4.122122509551916485e-04
9.061583726426902796e-02
1.409865880204584365e-01
1.069618990810820803e-03
2.100350589907731130e-04
-6.005850191641083635e-02
1.739912255579881620e-03
2.126769297321249308e-01
5.602079822364818273e-01
7.341103815942442989e-02
8.426723248665431154e-02
-6.080206590281250767e-02
-6.219350352501674450e+00
-2.277945126755542560e-01
1.198744272228514755e-03
6.103454466923454239e-04
-2.105107105480988894e-01
3.873002932619483982e-04
4.566681107991385317e-03
-8.738530357670608595e-01
3.917818174230326189e+00
-4.127463603893057574e-03
1.086020903116796882e-03
4.457401512579736713e-02
2.009095752170846419e-02
7.144088034161575305e-04
-8.041063272679954688e-02
6.230745512179589607e-01
4.784002363696783777e-01
3.846004720109402059e-02
8.198780055048596020e-04
9.418180514012865212e-05
1.969402265935347833e-04
3.603674500546062785e-03
-4.102853163135741887e+00
-2.960772067592377411e-03
-1.969449720555249694e-02
7.947510989127254573e-04
5.164087259124723779e-03
-2.352951732174679123e+00
6.821836725771922294e-02
-7.252523609315346398e-02
-1.126861565689063260e+00
-6.197662016735443202e-02
5.702413106082026770e-03
1.135479310530563279e-01
-1.979369813788979700e-04
9.434272052691837496e-05
9.039216025356713868e-02
-1.110047128985634096e-01
-4.764334381821946351e+00
-3.094501604902570027e-04
8.475686759090599910e-04
4.175515876393808955e-04
-1.605567881528074392e-01
3.915073533787323187e-03
5.798683139464619885e-01
5.822044370532069024e-01
4.561396102065003177e-02
9.887082349018300187e-02
1.381025919649151237e-03
6.418966471124998296e-03
-1.826535765395699909e-02
4.363273140284358760e-04
7.165069805349587838e-04
5.561660730012582239e-04
1.382097451700531505e-02
-4.581361408176482186e+00
-4.132706913473824240e-03
3.623943047391298133e-02
-1.778703759585227584e-01
1.430528932305637213e-02
8.942060488756359282e-02
-1.355644803317486435e-01
3.351839457073129580e+00
-2.197641463307997423e-01
-8.904606079949728414e-02
1.526205020815281236e-03
-1.243518598463530384e-01
-1.724986340758832143e-02
2.419891404729060565e-04
2.119453600051940086e-05
-1.497196587218270654e-02
-1.324079647563478623e-01
8.308768323958442767e-03
9.426538829078652260e-01
-1.441818419877607949e-01
1.441443222341835112e-02
1.740992669031914825e-02
1.667353728555035289e-02
4.754954160227295445e-04
2.819453418179476700e-05
2.388055232142579504e-02
8.583857657784182971e-01
-1.189488142263484260e-01
2.618564412608801600e-03
5.725640764804765581e+00
-2.202064639466032748e-03
2.785935718450660743e-03
-7.078447346119077707e-05
-2.211621762163624716e-01
-2.996306136999654868e+00
-2.490171225418288115e-01
1.590162745763442839e-02
-2.725255045610655902e+00
1.504432399759447758e-01
8.245607425944219415e-06
2.107065370532451923e-03
-6.714687516606031303e-02
7.858192914276192253e-04
-2.027485948502932289e-01
-5.684591923792428503e+00
7.705784112979553908e-04
1.109307063673285604e-01
-9.242836624423819009e-03
-3.328649239957491525e-04
7.980487269731550981e-03
-1.368154891934293682e-02
-5.457439541073890510e+00
4.338794243874542766e-02
-1.309201735680138423e+00
5.676761473970230037e-04
1.921459359460205407e+00
-2.287305586937257024e-02
8.992372986850787064e-02
-2.951957031329017211e-01
3.927274933397424395e+00
-7.095412664868685493e-01
6.423076261332634571e-04
5.314192836897765199e-04
1.477031316454656407e-01
-8.592611540065168974e-02
-6.953292772514667319e-02
1.665175582314144028e-03
-4.253622117797874469e-01
2.211573795376818238e-02
6.593027760853876432e-04
-7.571647124603003709e-02
2.729902775808154894e-03
-1.337834295300677212e-01
1.261224362284599741e-02
4.773478628390532413e-02
2.540803680545457993e-03
4.730731487598845804e-04
4.530048511646055012e-04
4.433416188270340452e-01
1.199698154828731777e-03
1.399228212936752189e-04
-4.143614622416062765e-02
1.929492288835255726e-03
1.989153419206975137e-04
4.357544208664263473e-04
-1.841307416478707437e-02
2.697660079159923396e-02
5.988203244943812731e-01
8.079334609359337116e-02
-1.455288909842176320e-04
1.134057126672348426e-01
-4.449872759970770808e+00
-6.065479434968493655e-04
1.296068765250732837e-03
4.954872580062364307e+00
4.533795786479668469e-04
-2.713548622555066615e-03
-2.133915311962270803e-03
7.525768168170758610e-02
8.476268858619007140e-01
1.015025713563840956e-03
-1.343323886143457102e-01
7.707795773390911931e-01
-7.624638008472222044e-04
6.428447021919576291e-04
1.053174182179002216e-01
-2.711980089844252383e-03
6.058045750530395394e-03
-1.752348867423266713e-04
-6.647082347447299134e-04
7.793866014509850774e-03
-4.195252869641139665e-02
3.524737847562949833e-01
-6.050552196225271549e-04
-1.200942454734735959e-03
-8.779124643403154460e-01
-1.809146952061670088e+00
-1.550872663106230842e-01
1.291298786431211744e-02
3.351341050259879677e-04
3.592794682540179779e-02
2.812576836726265322e-03
8.651283232355436170e-03
6.531570698468218156e-04
2.780702954379533562e-02
2.150755784326299769e-02
-4.511243570549957616e-01
1.655228321674563196e-03
-6.752842088149552113e-01
-1.643950354703431760e-01
1.731923169493822592e-02
-1.270812463951787874e-01
1.096327968641165346e-03
3.358878575756454703e-03
-1.573091185078410170e-01
2.038171900001550796e-03
-9.813086509792358081e-01
2.416887966279726227e-02
1.958637098539011204e-03
2.172376283732443958e-04
-1.035021997041114805e-01
-5.868784288209581701e-02
4.733879094665648015e-04
7.398650982475933890e-01
-2.334045303043845096e-02
1.134668835155255406e+00
-2.596284975446697726e-03
-1.642638541356054860e-01
6.959802782153136080e-01
1.236115220951562038e-01
6.022328898448458829e-04
1.347155608949916154e-03
-2.335427342632150627e-01
7.650371964021498473e-04
6.734404197564533134e-04
6.918567510232466466e-02
-9.258417691266648819e-02
1.364396863287743386e-02
-1.575263732536007932e+00
-4.103928043136587794e-02
2.640394118025100531e-02
1.801305777418743537e+00
-1.774991580509207830e-03
1.288874033307044545e-02
1.544974838504170438e-02
3.664719559463753846e-04
7.855558683440698464e-02
4.550600603178453496e-01
-1.025900127909783188e-01
1.056146210995671408e+00
1.050021733128066320e-01
7.675723357380045409e-01
-3.209863307733530347e-01
2.511089648525774952e-03
