-2.154828289838767930e+01
9.395184259260050297e+00
-3.346421625927071375e+00
-2.222517284611593880e+01
6.862170891955442720e+00
-6.344420531644358263e+00
8.909143642689462128e-01
-3.144131747612598726e+00
-6.036595552361378125e+00
-4.372055450992703207e+00
6.511247994848877063e+00
-8.224954823501562373e+00
5.579972232881454275e+00
-7.243733212624449358e+00
-3.034178202252693524e+01
2.084441957541843848e+01
-5.981538333765703541e+00
-3.147532563615052936e+01
1.456845367612846687e+01
2.405745700038386659e+01
-1.661989975572734934e+01
-3.769570939982779834e+01
-2.338164317332195452e+01
-1.185756242337794308e+00
-7.025078248932138614e+00
1.317956866707119445e+01
-1.021769579462752020e+01
2.471620636873699439e+01
-2.022528910455274342e+01
-7.975379177287374333e+00
-1.777424065487416982e+01
1.275951109680526585e+01
2.670471588293596454e+01
-1.041923513016001479e+01
-7.196900146694990674e+00
1.641211877831735322e+01
-1.027845322407341122e+01
-2.358736091722385808e+01
-6.852048772202373073e+00
-9.466895774311575806e+00
-2.460041195899876953e+01
4.247587097803537937e+00
-2.436471805974356641e+01
-9.328053962353353157e+00
-1.673319800397832324e+01
-1.836298216957558083e+01
9.810546745796136392e+00
3.851921753835794249e+01
2.720088581142806206e+01
1.705955703824707470e+01
-1.337982529634505902e+01
-1.044446399813856097e+01
-7.490235864282304590e+00
-1.550124402461724848e+01
-7.513940459945017913e+00
-1.823939515403379374e+01
-1.065589209290679307e+01
-5.549283608998491601e+00
-5.881430828495783913e+00
1.742349812176018631e+01
2.511851644891959623e+01
-1.019479178783636364e+01
-2.651085379661321628e+00
1.427406548264944597e+01
-7.079871403385194384e+00
4.031052445426843711e-01
-2.377576090844429757e+01
8.604939653541649136e+00
9.004056228530155082e-01
-4.511159651259916359e+00
-1.644022473472319845e+01
2.386464069012042444e+01
-4.952697478417188215e+00
2.733082866769647623e+00
-1.185644251725627818e+01
-3.642132954205610673e+00
-7.052390816095552850e+00
-3.153954840935850967e+01
-7.323753469472289446e+00
2.982128596995762493e+01
4.083274201668944947e+00
4.276187993110016627e+00
-6.943716366108071192e+00
4.805197328446518812e-01
2.643463407480517091e+01
-2.768361668060806124e+01
1.471049467102180763e+01
-1.960957754579213130e+01
4.523291650750289605e+00
-5.689289010566420224e+00
-2.091156641260895555e+01
-3.523981575314325454e+01
8.650495899620395335e+00
-1.168741958855546059e+01
3.459730293578497395e+01
-9.424703053497436755e+00
8.586986731135606732e+00
-7.539816111987113878e+00
-2.554492252167564814e+01
-1.573845898438488078e+01
-2.888465630431884534e+00
-4.242953967803335225e+00
1.062053510089529418e+01
-1.329292750450186666e+01
-3.152601098466595086e+00
2.556108849916990522e+01
-1.040636017106362665e+01
8.185423567689422697e+00
-9.702144966127969283e+00
-4.964984207974812769e+00
-1.733062044252114520e+00
-2.204721332701332059e+01
-2.407707475075980952e+01
-5.942155753074022329e+00
-7.938663049006117411e+00
-1.098828930431306361e+01
2.788854820475216201e+01
-3.117591647702305568e+00
-3.103381466053064752e+00
-2.650975466027876237e+01
-6.978992404866143140e+00
6.639028086920301774e+00
-5.283686888154073280e+00
1.266960443036549222e+01
4.015550100523912391e+01
-5.933481810984007510e+00
-6.653060117421087938e+00
-5.104045721254468759e+00
-4.705787512097810321e+00
3.898146974653281749e+00
4.757609435367586848e+00
-6.332231371814996734e+00
-2.953283871110984649e+01
3.506518015241754682e+01
1.036280243522656797e+01
7.102982083238205568e+00
-1.591950559101257134e+01
1.596750248500641867e+01
-1.753433735682169115e+01
-2.038828532221372569e+01
-1.069639325765097126e-01
7.641173199530270743e+00
-2.548994788545389056e+01
1.965657132628159331e+00
-6.295574942646554817e+00
5.715190783665537566e+00
-2.119526573247528134e+01
2.378302877494967404e+01
-4.191049766478897709e+00
-6.460149866785685369e+00
2.383320546700309706e+01
-6.845591520565641019e+00
-5.630898354907733605e+00
-7.285446346598434708e+00
-1.103423453709176449e+01
-2.519945737035933675e+01
1.120983656970596876e+01
-6.584081748360480546e+00
-7.997926292532866910e+00
3.076619503013384360e+01
7.957271779467835593e+00
-2.873654511951244661e+00
2.890067713891515666e+01
4.258746385701700277e+00
-3.945157714431847040e+01
2.372277091144319172e+01
4.035508715600659713e+00
8.500362379615934216e+00
3.178509311925959580e+01
-2.521967011550368554e+01
-6.804120573111358539e+00
3.527126074738428763e+00
-1.756207725449244750e+00
9.785949648913895516e+00
-4.624295000683925849e+00
-1.130685225413851391e+01
-7.027719038714934641e-01
-3.611384452157415659e+00
3.539422598093626249e+01
2.778819612772648107e+00
-1.533183968901008676e+01
4.027643204324039772e+00
-1.072205249217222978e+01
-7.419051795143998262e+00
-2.415925506199431538e+01
7.744212319847871839e-01
-2.678585139116362512e+01
-6.549909591800544995e+00
-1.170642979358409441e+01
3.333634717768627809e+01
-2.522636565928825014e+00
1.447809016058396381e+01
-8.237302989116214391e+00
6.599063247035616087e+00
-2.436156060578383986e+01
8.762796604344842422e+00
-4.423999351751487730e+00
-2.674457245704845931e+01
-6.955631113045789071e+00
-1.549266732268445956e+01
-1.677901095924114472e+01
-1.769666141849767271e+01
-2.211710374382283462e+01
2.650444396968173688e+00
1.448481080813438560e+01
3.378625673746613245e+01
2.839003738452123926e+01
3.847414690712125918e+01
-2.171754132422452699e+01
-3.248727890819510122e+01
-1.237825699432980286e+01
-5.369488752108606100e+00
5.122543396270153870e+00
1.539185491281829243e+01
-1.023059357860574892e+01
-1.154006914188494193e+01
2.796072932600215211e+01
-1.662860192454019526e+01
-2.942140885790009008e+01
8.361479875527646044e+00
-1.697252644867247895e+01
-1.223723375149224601e+01
-7.703150941545152008e+00
2.343597547272051607e+00
-6.832984664899369953e+00
3.491866610996817144e+01
4.840328295345067033e+00
3.802013920099918209e+01
2.900232173060478047e+01
2.814748337785633225e+01
2.571435674216317935e+01
-3.034327112847445207e+01
-4.995416495516443511e+00
3.342993232132916148e+01
-4.286038744749111729e+00
-1.782345490115757602e-01
-2.610928418630681236e+01
1.724965605309694283e-01
2.640429369511361557e+01
3.134768146352537954e+01
3.576536381657192454e+00
-3.597124225227191108e+00
-1.169743458322539098e+01
-2.822380714128133405e+00
6.702228206847793857e+00
-9.822729786472548241e+00
3.116876973265765471e+01
8.791107724396724166e+00
-6.908815880137502141e+00
-6.814309890248796187e+00
-2.727818043451833319e+01
-7.332783645820674323e+00
-1.238967456438885861e+01
-1.086239946400638035e+00
3.743703060748915235e+00
3.311465769121626046e+00
6.902429069588549737e+00
-9.255537065626903370e+00
-1.619891521935252854e+01
-1.192949352772435745e+01
4.586910186082395313e+00
-1.681359012975365275e+01
-5.614104025769851347e+00
-7.342747656037985848e+00
5.235682143790852727e+00
4.746718093726875587e+00
3.383862856889319204e+01
-1.785600067862216633e+01
-2.278452920575717044e+01
1.219520854441231172e+01
-2.515691350675922422e+01
2.987960343902889804e+01
5.279541750301101288e+00
-1.658803381743159377e+01
-1.762254561791310792e+01
-1.030134437568432837e+01
-1.289562122887521145e+00
2.898012364113884942e+01
-1.618517584472817461e+01
1.073285565495554650e+01
4.345037272850149179e+00
8.732944017876702603e+00
-3.924766535219817776e+00
-2.336730070050117902e+01
-2.414319886541693805e+01
-9.175388759920782178e+00
1.399288229947833884e+01
-1.764408500635115118e+01
-2.470876046883989829e+01
2.194699407790918499e+01
1.076770075371123880e+01
2.584821379993979562e+01
-3.940639271878485950e+00
-1.683003560554934452e+01
-2.125379947181624374e+01
-1.839236288150557641e+01
-1.156654956630901587e+01
-1.021620269454206031e+00
1.466083945508516528e+01
-6.579611206452778305e+00
-2.609344187224202116e+01
-1.184876174660142745e+01
3.952417997298393004e+01
9.224194435001614067e+00
-4.151358751522570500e+00
-2.826875316136257865e+01
1.184044767683942112e+01
-9.272461805331190021e+00
2.644745208688845040e+01
-2.493564019240619434e-01
1.282736114116084636e+01
1.527085128243470358e+01
2.446035132318389671e+01
-1.429546185994278851e+01
2.504316685602812598e+01
-5.022239265191839941e+00
-2.938881519124103114e+00
1.456255661380955857e+00
4.287259197284713608e+00
-2.287841863668765541e+01
-4.730826578379020653e+00
-1.720906639700762497e+01
-3.927242524979686955e+00
-3.033306250143354532e+00
-5.471052286816614263e+00
2.611147303849072188e+01
3.106718615546696594e+00
-2.283003950856272368e+01
-1.799507478634921664e+00
6.558504856304224973e+00
-1.971685364374702232e+01
3.323581043828102821e+01
3.662256698263175991e+01
3.822605314536284027e+01
-8.954198072595859870e+00
-1.156048457793939122e+01
-1.867824727766414838e+01
-9.283184883731365744e-02
-1.634891518530551480e+01
9.561956132707869926e+00
-1.869220006164442438e+01
-3.981794668455906017e+00
3.945906627486626661e+01
1.306741106505175942e+01
3.257978234666960127e+00
-3.083740770818571786e+00
-4.822062490953390679e+00
-1.155728144091136755e+01
-1.610192324965874278e+01
4.471190469866878736e+00
-3.081684321788980796e+01
1.613055049104795557e+01
1.226239139503945985e+01
-6.608838572180207649e+00
-2.640292901358331790e+01
-2.822763720666327192e+00
-3.099373921530691689e+01
-1.052662836864374363e+01
-6.130930941133271972e+00
-7.301217287462564265e+00
-4.191954815639477694e+00
-1.366835031894746599e+01
1.576401965500235214e+01
-2.579682784841964605e+01
-6.372041418330390172e+00
-1.603059411496258235e+01
-7.265138845151906111e+00
-1.054378048053342809e+01
1.107201597492696088e+01
-1.621719996512103634e+01
-8.380754785512584348e+00
-7.222470857271130029e+00
-2.783660156644265804e+00
-3.291119943092218136e+01
-2.115594240278916516e+00
1.241144914628769946e+01
2.270479549244193507e+01
-3.601836598382435639e+00
-5.024748028443307923e+00
9.569272552446610902e+00
1.170715536470638618e+01
-5.947817015984908195e+00
-1.070539798551181931e+01
-1.517546807763776684e+01
-3.118235135369975808e+01
-1.638582476702498880e+01
3.195438589898584425e+00
-1.678864850289838273e+01
-7.138340701430393231e+00
8.283664169944968236e+00
2.746291325732283539e+01
2.851292125634669361e+01
-6.577735532795153439e+00
1.057022961154028451e+01
1.093776447179021538e+01
3.518510521374505373e+01
-1.432558720118855078e+01
1.787165562295288979e+01
2.171073235431663662e+01
-3.164192341254564500e+00
5.732299787664523194e+00
-3.317232587381944597e+01
-5.066247416560221595e+00
4.486061882632714770e+00
-3.481712877175080934e+00
-9.953656733775119392e+00
6.031970214000301311e+00
3.718546468531610572e+01
-1.783106584584716359e+01
7.384398434121602683e+00
-9.801982342509388602e+00
-2.601107638125192079e+00
-3.372987127923701589e+00
2.336841341608980827e+01
2.563163866701693649e+01
-9.146959127462956474e+00
-1.751376363824447058e+00
-4.389630745725225935e+00
1.886972079391352253e+01
-1.640458653537552536e+01
3.658069125380571762e+01
-7.595313560383117668e+00
-4.163103863765568846e+00
1.896956260519892368e+01
-1.706609863217977718e+01
-1.805751177341455360e+01
1.307282418338992080e+01
9.846424467479195641e-01
-1.397405794891468922e+01
7.281665564553721381e+00
2.937858806026354941e+01
2.209603095886817670e+01
-1.823207667161320700e+01
1.670162184247986303e+01
3.578604629567800544e+01
-7.648565727502415257e+00
-1.049456209221039238e+01
2.144643464274717815e+01
-2.564868800632745049e+01
-2.397100260623857437e+01
3.134140124210999190e+00
2.478468220028150171e+01
2.057652149760178517e+01
-5.896594790341089798e+00
-3.737704584984962164e+00
8.312254415954468456e+00
-1.065099430739912201e+01
5.479993183880509378e+00
-9.375031440527489934e+00
1.146053281566964621e+01
2.314566889012784401e+01
-6.981718651921201335e+00
-1.518860631071097700e+01
-2.612379287908621706e+01
-4.073601471523689455e+00
-4.484112506662810915e+00
-4.447482105937645258e+00
2.191869511866660858e+01
2.858627283993931911e+01
-2.846685066529683006e+00
1.315325306129819083e+01
6.269287037595886680e+00
4.386088259496149000e+00
1.534982515993296026e+01
-2.063954529515361003e+01
3.173746323618084375e+01
3.458593857446522435e+01
6.198115185035702801e+00
-1.324506122669802899e+01
-6.179696836604446020e+00
5.302601100672700518e+00
-1.982582225963528444e+01
3.657952419093651741e+01
1.272603354044972690e+01
-1.672178625524026296e+00
-1.729008596174015366e+01
2.316542504547057790e-01
-4.595545121987694159e-01
9.472156718191113711e+00
-2.148673899106766783e+01
-2.199709010105311791e+01
-2.932403611209133398e+00
-3.937502503504580886e+01
5.766244231805502274e+00
-4.779000200388061614e+00
2.150929591454426770e+01
-1.246690540541274572e+01
-2.499937066103240113e+01
-5.754019898025135582e+00
1.311445111234596084e+01
-1.870065090758157966e+00
1.177851266475866687e+00
1.477414732897047500e+01
-1.297497507947822015e+01
-1.470582699040678776e+01
3.074690560001972273e+01
2.765011236098552061e+01
7.978393059005619570e+00
1.335573410732828847e+01
-4.609734920370498479e+00
1.411711615126266928e+01
2.525308018381867825e+01
7.759641577863756190e+00
2.582848117522923559e+01
1.367080221766816983e+01
-3.310732211436626216e+01
8.148931848661577604e+00
-1.940014790829631508e+01
9.340901012525696601e+00
-4.047940332390711937e+00
-6.135646942833305140e+00
3.853551495883482403e+01
2.885031316958475145e+01
-1.029672867467185426e+01
2.044301242298701027e+01
-2.566152299677561999e+01
-7.271490439671624451e+00
-2.520265196563387633e+01
-2.001151065690639541e+01
-2.367143527515976587e+01
2.342922201935916249e+01
1.862600760024297486e+01
-2.413574912720738297e+01
-4.007353764816223851e+00
4.385994036723518619e+00
1.933560550942875267e+01
8.639533721362964158e+00
-2.516349960615711012e+01
-3.945929186445838610e+01
-2.708949203194730160e+01
-2.602195294343193055e+01
-2.166942912553323808e+01
-9.550978452689694365e+00
-1.053272465628868915e+01
-1.343343767799592392e+01
1.603887408340725429e+01
-1.624445602750311579e+01
-2.724364973344115981e+01
1.679880111708897061e+01
-1.525376446770435379e+01
-3.104538324517685410e+00
-2.438211458619325356e+01
3.653552036350463794e+01
8.254779348481132928e+00
2.859103036148053500e-01
-1.521759765010428467e+01
3.552311530044547361e+00
-9.027083832657591955e+00
-9.939772575399866028e+00
-1.715736771409615002e+01
2.679943809557300938e+01
3.714725673460028688e+00
6.578498376380137458e+00
-4.106549752857073798e+01
3.828551024668232117e+01
-9.665560453239073979e+00
5.749827867551391414e+00
5.057962155258354464e+00
3.880640996172132873e+00
-4.769852722399154032e+00
-1.290917230376560809e+01
-3.344766942592655834e+00
3.389792350478628258e+00
1.076770338145515460e+01
-1.141602005430300615e+01
2.986181663053366009e+01
1.736723314121131168e+01
-1.867688088633554244e+01
-4.321552865280073874e+00
3.517560862086390294e+00
8.870879083803426823e-01
-7.121827894093353706e+00
1.750190842144411008e+01
-1.109968416781963896e+01
2.969543112881699543e+01
-7.195992970381923648e+00
-1.060028154825965707e+01
2.164034794674868323e+01
-8.020856396051897264e+00
3.120707370776887046e+01
-6.137719086920058409e+00
-4.777906037818600460e+00
8.171598236453620601e+00
-1.396759203284087825e+01
2.983484626531276263e+01
3.841135606145140269e+00
-2.114821846061353483e+01
-4.397488344657268122e+00
-1.049594868364107469e+01
-6.840934123344105444e+00
-1.342093514650535546e+01
-1.761669458663471843e+01
-2.901479690742481310e+01
5.249121521763507658e+00
3.217150925109731219e+00
4.922752053034981756e+00
-6.838400033834506786e+00
-5.205447546918557045e+00
2.490414013087260869e+01
9.731660498052805863e+00
-5.292061488873681441e+00
-2.416794987114797166e+01
4.826539959223654641e+00
-6.311997008130624920e+00
-1.370670669749822501e+01
-1.167206954139574471e+01
2.344935587368302876e+01
-1.028349235803276507e+01
3.232440946078441613e+01
-1.029138035497184589e+01
-6.954052106376620301e+00
-8.985748999925101899e+00
-9.362176879033166088e+00
-8.602940300224284798e+00
-2.432042421140551625e+01
-1.076458529087186911e+01
2.360207592338309013e+00
1.141405776514464065e+01
2.981524741152302482e+01
1.353655777991182596e+01
8.776334426220953944e+00
4.357215089947159115e+00
-1.399866634027333667e+01
-2.294382688824579830e+01
5.234987842524831514e+00
-9.235577578205260707e+00
1.137959957762393515e+01
4.735984545868087814e+00
-6.368567966605700459e-01
3.308953634943963440e+00
2.201049444860188586e+01
1.587980615381068183e+01
-3.292510730042606326e+01
2.470880641961053570e+01
1.490025015253811702e+01
3.221218995327372880e+00
-2.742180951409506573e+00
-2.756981607875458451e+01
-2.734860428694491574e+01
-1.811916856635412643e+01
-2.977645830251252956e+00
-1.529223307139063159e+01
-4.390093566044109608e+00
1.479750817684094422e+01
2.619873475741550450e+01
-3.643041449268739029e+01
-8.963972078384010445e+00
-8.103678213863798163e+00
-1.141580702652473001e+01
-1.096418194888855346e+01
-9.439697443142687661e+00
6.101501663436856404e+00
-2.781402272571980916e+01
-3.356189461748206870e+00
9.691197695504494281e-01
3.544580560577648498e+01
-1.105067149362431067e+01
-3.977845230779283270e+01
-1.033129730121671486e+01
1.321804681714404417e+01
-3.834791038092934201e+00
9.106658183893133085e+00
-7.513617576991600266e+00
8.664355802635272497e+00
1.881426490807170993e+01
2.472491076131186105e+01
6.696204464958109170e+00
-1.113642768993719834e+01
-2.948185069077311482e+01
-1.086444751320489743e+01
-2.076558148336626886e+01
-5.058661190398429319e+00
8.305633480754682552e+00
9.010735236966095130e+00
3.383046208463397875e+00
3.040855513587423786e+01
-2.593522279768655636e+01
1.252959677481188860e+00
2.241758378486889924e+01
-2.179460976352449109e+01
-1.611532128376185469e+01
-2.411568235382380632e+00
-1.897111330501095594e+01
-1.513238916161876269e+01
-7.324646435739451178e+00
-1.663071323278008862e+01
-7.440947138360352930e+00
-1.437689170982311815e+01
-2.195336251631234248e+01
1.657842051626436231e+01
1.210783374278237901e+01
1.103507121612672215e+01
8.235052498007148003e+00
-2.719771589981645121e+01
-1.115831087064919380e+01
-2.314349870693269651e+01
-5.973612123065571211e+00
-5.422442414993385640e+00
-2.600038328137343058e+01
-2.732379456863725053e+01
8.924475661160734319e+00
-1.602257634540918474e+01
2.085968730396278659e+01
-1.462923049680314058e+01
-1.637432642223344104e+01
1.050407057148530221e+01
-5.983621096933325667e+00
-1.392659399730528946e+01
-2.912904854350159667e+01
-3.394965431548298085e+01
-1.928545414607483366e+01
-2.656010261449722165e+01
2.284193140113225162e+00
-9.255973878586328141e+00
1.622469930597219445e+01
2.456443288881410325e+01
-7.605176222588490909e+00
-6.119607851719667480e+00
-2.779024242228425834e+01
2.965847096406978523e+01
1.943002658012478534e+01
-2.744326485588123887e+01
8.861792725932355452e+00
-4.260270004034573788e+00
-1.279504139965577991e+01
4.316173087742781966e+00
-3.035661567206562328e+00
-3.617374139924970144e+00
-5.881446307494338832e+00
2.985942595491435725e+01
-4.573635416387369368e+00
-2.766959469008408501e+00
-1.148272499258987445e+01
-2.632354799195304462e-01
1.429649681557884122e+01
-6.457400811850797062e+00
-2.749417071702323057e+01
-3.008914770954447349e+01
7.949182144748601075e+00
-2.299274150945028339e+01
-2.502367432635994149e+01
-3.256757854503280925e+00
-1.859074541309950490e+01
1.181917641964050425e+01
-8.698404354998928056e+00
-2.341878320581693629e+01
-6.601016579922741379e+00
-2.513929821722231495e+01
-1.053067323012940371e+01
-7.303815262032129496e+00
2.570428169000779306e+01
-1.506326734437963033e+01
1.029206994101514461e+01
-1.575379265198021628e+01
1.505524583807026318e+01
-7.320511092259446961e+00
-7.144206757331879487e+00
2.665319445326677794e+01
-1.034217137730467151e+01
-4.129595231912013986e+01
1.682596795148130298e+01
2.497981541801159722e+01
-9.491030422505332353e+00
-2.713225204986382622e+01
-1.980116955795592659e+01
-3.008460503000567776e+00
1.902193461822543785e+00
1.993304629145493578e+01
2.357883476688339286e+01
-1.020815409047590272e+01
-1.460164744208871745e+01
2.895674282559887303e+01
1.299694976124491674e+01
1.009296475919851588e+01
-6.965920258361795625e+00
-2.559874317654927722e+01
-9.449370516186871072e+00
2.250089540713500469e+01
3.022227649832446872e+01
2.824312025300460771e+00
1.413864236525421703e+01
-6.744752641604971899e+00
1.385100335972741625e+01
-4.016982720998992562e+00
-3.984562462156207374e+01
-7.936786162487236673e+00
3.388484877307519127e+01
1.326862780391800811e+01
3.208139377710696039e+01
-1.465916816863470373e+01
-6.304347553738564258e+00
-8.334280316332819183e+00
-1.142617348165512858e+01
1.282836293662931126e+01
-4.782915505007690804e+00
-3.403173500970316212e+01
-4.072102142857021079e+01
-1.349584656657311399e+01
-7.201239783334451694e+00
-1.337225742858521826e+01
-6.814224770397006026e+00
1.903624991977893188e+01
-1.333421937385868539e+01
9.476342747225409369e+00
-7.238524942281147290e+00
-1.714637236465363657e+01
-2.745728524772991008e+01
2.087208096279235647e+01
6.490907663495265822e+00
-9.606921368607905798e-01
-4.571938388667526887e+00
-2.419460703782565147e+01
-8.584572994788608469e+00
-2.199976431686130240e+01
-6.232754901055944430e+00
2.864047690213432062e+01
3.899123575657583274e+01
-5.118827614383218538e+00
-7.215066822055851148e+00
-4.944851387076143467e+00
-3.043512268184946024e+01
2.672363606885759246e-01
-2.532396970554801729e+00
-1.622068653906334035e+01
-7.101693858891685807e+00
2.556045866334171990e+01
2.572593923273450045e+00
-1.132863345539474320e+00
3.683747919793249537e+01
3.512192723987100607e+01
-3.377657798276531764e+01
3.127027161758324425e+01
-1.953475718242776082e+01
-4.232305719648860709e+00
5.537836172300025339e+00
-5.229614333194962050e+00
-1.568756177225783865e+01
-2.035988375974971731e+01
-2.797826769495817345e+01
-2.457982639775459432e+01
-2.526166208799258683e+01
1.906059252668394066e+01
-2.961950602339869398e+00
-1.588389690614699923e+01
3.317791344822539656e+01
1.846659103325643869e+01
4.500958710937166707e+00
-3.778040864401564392e+00
2.114397739397534615e+00
-1.720022392457581617e+01
-3.419771385536667196e+01
2.029140638611306358e+01
3.005728760123498233e+01
1.840372647675759765e+01
-1.486169958369102595e+01
5.519396367687321003e+00
-1.796051629795142901e+01
-6.277803142544629011e+00
-7.144308422154255211e+00
1.935852894152089476e+01
5.030621072821729989e+00
2.054137758366951516e+01
3.127673605003176149e+00
2.146387011886731955e+01
1.578025167274380003e+01
-3.244641406666735861e+01
-7.009055419414801591e+00
-6.799469737916944645e+00
-1.032104888342405857e+01
3.215950705666470899e+00
8.001032078782666090e+00
-3.320935350263516828e+00
-4.181757503796723618e+00
1.162949038038148686e+01
-5.758026266665023485e+00
-1.846469807225893334e+01
1.123752043477391460e+01
8.190173832007486610e+00
5.643236267688413577e+00
-2.087191449668875265e+01
-1.139473705283876193e+01
3.000235313964268258e+01
5.721058664760256818e+00
-1.088245958790338008e+01
-1.471060349108220322e+01
-2.187961629247849316e-01
1.466301819945151230e+01
-1.634633285533750424e+01
1.220365401038239206e+01
-3.079872590724134440e+00
1.313967020121667417e+01
1.010407341242695978e+01
-7.844827962471718763e+00
1.673842973957508917e-01
2.371357262058457493e+01
-1.906068409801609320e+01
-8.836119762003333378e+00
-2.373863413916021159e+01
1.341824007371704575e+01
-1.357661682515440482e+01
2.573682658575004467e+01
-1.800174537017233689e+01
-9.667529164904554051e+00
-1.709257698011037974e+01
2.833180464149440780e+01
-7.030575114914148216e+00
-2.633330906999738730e+01
-1.752133119028028574e+01
-7.433490295395243308e+00
-1.124393328774871037e+01
-2.330819616616951606e+01
-4.432158750687471560e+00
1.042538186500785180e+01
1.951023902355806428e+01
-1.488372888293180019e+01
-3.515667999077381012e+01
-4.121991535222646164e+00
1.137525273512154378e+01
2.766360075120317674e+00
-3.741662687938572596e+00
6.244900622495239695e+00
-8.774365701533698214e+00
1.102073598257865861e+01
-1.199354170200361658e+01
-6.032010645785987890e+00
1.075989364837136186e+01
-2.035461315709083863e+01
1.101704600676939094e+01
1.495559929710391955e+01
2.524547830058538267e+01
-1.465443509570585867e+01
-6.420642461631074660e+00
-6.844503107350330406e-01
-1.710761544697566805e+01
-3.259659839966876582e+00
-2.732870736137031642e+01
9.640374273477727129e+00
3.903582923546689187e+01
1.622645247985743922e+01
-1.645171012861803561e+01
1.668515420522652448e+00
2.717185120434770340e+00
2.739248336708930509e+01
1.092010404462792650e+01
-1.194149901787113954e+01
-6.808392227011105469e+00
6.405040784498197581e+00
2.764393990589324446e+00
-2.833578453483996995e+01
-1.192959404832603809e+01
3.058292104479331996e+01
1.057991615492487547e+01
-3.977268933120691408e+00
-3.094031641221692386e+00
9.899736380219204435e+00
-2.324397800295997030e+01
4.269652785319868471e+00
2.073896243678822415e+01
-1.634131250591557816e+01
-1.723777678208649533e+01
-2.466228919249192231e+01
-5.108607394783387434e+00
3.186955133573410137e+01
-4.530001438663306956e+00
-1.440622726740364357e+01
-2.568570934348712242e+01
4.061402375042899138e+00
-1.508159174908326960e+01
-1.651990828165332559e+01
1.265388342354752282e+01
2.736101653167141379e+01
1.933874591792826791e+01
-2.780114288389894384e+00
3.486227921170948463e+01
2.418337250893149459e+01
-4.044844979300468601e+00
-4.925173608027910710e+00
-1.024823206073600801e+01
-2.554317807548435582e+01
-1.727309649227170496e+01
-2.091053679799425780e+01
1.048606044584260921e+01
-2.951944164960628392e+00
1.609084445833971699e+01
3.250838877926837256e+01
1.427083811989857054e+01
-3.042546015603844189e+00
2.142640107720328402e+01
-4.647450547720775482e+00
3.703101355546908735e+01
2.264952509062100461e+01
-2.367844186622719960e+01
1.785487745232360268e+01
1.231576034757255300e+01
2.676286794837433369e+00
9.671809602877340595e+00
-4.324950598361282594e+00
8.288380777569669178e+00
1.618955120826976923e+01
-4.706651578627390364e+00
