-1.773744003543115344e+00
1.249346329820904167e+01
-7.295141605869375212e+00
9.945478930496806313e+00
-2.628123824300325140e+01
7.848647575804410081e+00
-1.620805256790679039e+01
1.373424830622046500e+01
-2.530984718765638775e+01
-1.725090610973719762e+01
-3.234097638548881548e+00
-1.110427952275256480e+01
-2.419820677424712230e+01
8.597777204585291599e+00
-1.927763815212233944e-01
-2.434418788398390276e+01
2.504049688693956455e+01
-5.247321638946485400e+00
-1.692591005695188855e+01
-8.434406010639024842e+00
3.868929825653744103e+01
-1.874217533108096490e+01
-5.469504643413523937e+00
6.800881109364202537e+00
-4.857338135733897388e+00
3.697292977279985848e+01
-2.449703758922046504e+01
3.096262431094696765e+01
-1.108040794649455663e+01
1.740848203926645255e+01
1.803995471931266792e+01
-4.567808575322461095e+00
-4.227540952530320695e+00
-1.397004127801127460e+01
1.665866610035228135e+01
3.566166483352366079e+00
-1.086779093951321329e+01
-2.542865995526597445e+01
-4.552895841489985607e+00
1.678774260782552208e+00
-4.266139428532357947e+00
-1.578952032063564559e+01
1.673451551207548249e+01
1.829488247372912113e+01
-1.093786019182596547e+01
-2.603945718931607090e+01
5.063798235995450980e+00
3.246466593532269851e+00
-4.513914327325267095e+00
2.450573309646424391e+01
-6.052550178009125759e+00
-1.096779739973957568e+01
3.373833189967696455e+01
2.202333978126362624e+01
3.393173164514326601e+01
1.274872360943846239e+01
-1.757783590388343242e+01
-4.498759493084127925e+00
-3.662092361193215595e+01
9.725514711835602455e+00
2.128654141198980554e+01
-4.448596745775111216e+00
-2.063241406831209090e+01
-1.637249506475658700e+00
7.308295430809491400e+00
-9.439047127186915631e+00
-1.223658823183083055e-01
-1.744226877247055896e+01
4.545607537681558341e+00
3.421103295324714821e+01
-3.067332675231441375e+00
9.481737207027775227e+00
-5.766500459053429672e+00
-1.450421742096948385e+01
3.404396837154018129e+01
2.474272210856744891e+01
5.437369010394738744e+00
1.757168467210605556e+01
1.634718309401825564e+01
-3.447794716767346301e+01
2.303496218758427716e+01
7.540197677711947044e+00
-2.613102241922064639e+00
1.358470325040340043e+01
2.083691172447016982e+01
-1.783909767220657727e+01
6.773450073713603636e+00
-1.779535354212599074e+01
-7.183644874492550514e+00
1.302852734696965342e+01
-7.315513073501339392e+00
-2.180143382989134437e+01
-3.267737794366663451e+00
-2.507030831272470195e+01
-6.786745095655213333e+00
-4.196472444610290786e+00
-2.679138818742455186e+01
2.134308030414817381e+01
-2.308711624351503389e+01
7.048656198125540229e+00
3.505923889092626666e+01
-1.647425964458852832e+01
7.464865042244325011e+00
-1.180110321655187811e+01
1.363202895203504816e+01
-1.660864647546538109e+01
-1.867703510812609125e+01
-5.953843653401285074e+00
-3.262970600402087751e+00
6.194813868476328089e+00
3.688752861422004425e+00
-1.108303664979843894e+01
-1.720814971741826405e+00
1.173577492055018467e+01
-9.607753665829433132e+00
-6.835053034887494938e-02
2.556823716975160110e+01
-1.790857252000812139e+01
-6.177846139933840242e+00
3.677921113364541306e+00
-4.134247686401712585e+00
-3.848930595530853793e+01
2.598135802438420328e+01
-5.890849328703275489e+00
-2.270730195736308232e+01
-9.806496568773326317e+00
-1.071804053666820700e+01
3.458540918053612501e+01
-2.969866396706051237e+00
-5.727219470799970402e+00
-2.544077399270377171e+01
1.871946976903652882e+01
1.647375846990528414e+00
-2.956870541733281676e+00
-3.534540080368678172e+00
2.511645975087932925e+01
3.962095672582041761e+00
5.336627397185049748e-01
-5.868454301173016141e+00
4.430914562946940194e+00
7.427555326786189127e+00
6.695536028378538340e+00
-2.391461937986086994e+01
2.434937542032033519e+01
9.007841278095748194e+00
3.476059365616543317e+01
-2.053684551503025801e+01
5.489302074605800108e+00
-5.317083580560733935e+00
-2.335782375232541064e+00
5.642067762871849190e+00
1.196212691876622536e+01
-9.765787312748617666e+00
-5.289185249820840262e+00
3.102889767787841535e+01
-9.964757357680628758e+00
-1.008069479271612323e+01
-1.032852838245478644e+01
-1.407515957927818029e+01
-2.456369482027269768e+01
-8.379538137058014868e+00
2.015835553476438591e+01
3.747916440480203892e+00
-1.174397546687440119e+01
-1.337524443028370369e+00
1.362455317756768558e+01
-3.587508340074516244e+00
-1.216358447125585407e+01
-2.743785442705153343e+00
-8.153598498779528470e+00
-7.595892848689337562e+00
-2.839580642003211253e+01
2.344063657009137991e+00
-6.002814876658292498e+00
-2.303595292978010534e+01
1.611950821807087664e+01
2.552400587274684085e+01
2.261602978688454257e+01
-6.989476732479812604e+00
1.598645761297764922e+00
-9.153393726805331809e+00
-1.269876902569226829e+01
-9.437580536072283977e+00
2.230258161274017681e+01
-2.668358311488282908e+01
-2.279062756429604875e+01
2.053776597556329797e+00
-1.114725126543542366e+01
-3.620429059690601292e+01
-4.140765663584902612e+00
1.514361116068534940e+01
7.743639400883275847e+00
-1.734199503950890175e+01
-6.606577595535857661e+00
-1.146141892070291135e+01
1.744971909277584743e+01
4.678121015772810587e+00
-2.521474938930951737e+01
-1.272310303556987954e+01
-4.938267723065374426e+00
1.562752200817147497e+01
1.240001386616159351e+01
-4.643489305136704992e+00
2.742174520338482679e+01
4.465450422900134608e-01
-2.734477015226429053e+00
-1.611099608583126397e+01
-1.203186928073393780e+01
1.016536654026636377e+01
-4.684309346938124285e+00
-1.833581712369343819e+01
-8.232993094397230038e+00
1.217571976948994816e+01
-2.576286073904301688e+01
-1.561824825172925912e+01
-7.069445218069575709e+00
3.258407625621581616e+01
-3.091341931913533969e+01
2.675188914725827161e+01
-1.664185796212436941e+01
2.444193157256565385e+01
-2.743635387984907581e+00
-1.365035647153168341e+01
1.693563835022770192e+00
1.220308335180139370e+00
2.541292380373905502e+01
-5.873116648319041566e+00
-4.256086453331980657e+00
2.861288487027452421e-02
1.056496333858429004e+01
-2.367095107164736234e+01
1.023157717216783169e+01
8.197076587865700148e+00
2.153175608544390229e+01
1.814524472024417534e+01
-8.671397127429321117e+00
5.836598820408459787e+00
3.305674895036874972e+01
-3.899435370499572340e+00
-1.386759654952964915e+01
-4.533483023859429473e+00
-2.919761107834680569e+00
1.258963770493828349e+01
-2.461570036755323088e+01
3.320107709938654494e+01
-2.953867397847395893e+01
-1.259393561374372972e+01
-7.174386957586718516e+00
8.962492061677506783e+00
-1.296676894628203769e+01
-1.124165577182187192e+01
-2.229834534337951624e+01
3.489523057865419986e+01
-3.726984504784508712e+00
2.587899998640681076e+01
-1.121507474159477979e+01
1.194717241923788542e+01
-4.661805224412796989e+00
-1.667460502966266578e+00
-9.000523988282756349e+00
3.811417086607877813e+00
-9.177891647937970632e+00
3.083223407652098302e+01
4.631912988946456977e+00
2.369000354835894484e+01
-1.165519878385734565e+01
9.246491427491900339e+00
-5.932839130774230973e+00
-7.219117430316075001e+00
-6.962995797523933383e+00
6.767415600687327171e+00
-7.327571596860165570e+00
-2.548482969591827541e+01
-7.052862434825063254e+00
-1.088688623904996966e+01
1.826389346144144810e+01
4.136447954099289603e+01
6.573221001429047305e+00
3.685074882737298108e-01
2.697344374799190447e+01
-8.967168609448535221e+00
-5.543470858887791231e+00
-1.553332009200219765e+01
2.812873604763569801e+01
-7.463189023439329439e+00
-6.181368388867226393e+00
1.666405942892100356e+01
-1.086503845992647044e+01
3.362463966775354862e+01
-2.061642029626029604e+00
-7.144889197794920932e+00
-4.839186632334105731e+00
2.641424672784986782e+01
3.519616449321535612e+01
-2.951784347224008087e+01
-2.794744161797696336e+01
-1.316370551650867071e+01
-7.258109205710706391e+00
-4.456233130818251453e+00
-5.605814477782371519e+00
9.846480495007327249e+00
9.366430441567253240e+00
3.069379328239963201e+01
6.573829470330283087e+00
1.327187728755771090e+01
2.470151525770501733e-01
1.168232372567024235e+01
-9.898305003025079429e+00
-5.530233358883989148e+00
2.044121888577659973e+01
-1.112989641023652432e+01
3.568983729735003152e+01
-5.222199161954403479e+00
1.155648831524079512e+01
-6.337174596636452328e+00
8.469425360170301786e+00
-2.090562437888485547e+01
3.610700151043921391e+00
-3.055662215897720024e+00
-3.743562148536989298e+01
-1.504786250087309618e+01
2.183626059801887820e+01
-2.411849396517424537e+01
-1.010657662634778120e+01
1.605882645731621849e+01
3.287330983011614638e+00
6.551859178183509158e+00
5.826569629787910820e+00
1.294087220016156259e+01
-1.503228972156279752e+01
-2.576069731981336730e+01
-9.131964764728676798e+00
-1.724665687629640942e+01
-2.544269278155211111e+01
-2.500974181642285643e+01
-2.300518093171953993e+01
3.827303644099782787e+01
-4.096586183569757900e+00
-1.622252773268422743e+01
3.490497149367383312e+00
3.681697778463529147e+01
-8.018771753444081440e+00
2.391850386047415356e+01
1.816775948030567633e+01
-3.685327189774408652e+01
5.235218012611618121e+00
-2.829922558670383381e+01
-6.926554695592794353e+00
9.896793209970242700e+00
-1.780276907852181267e+01
-2.894641532138264495e+01
-5.448493733852528109e+00
-1.458691366433594538e+01
-2.081438150998601699e+01
3.732566263430643350e-01
1.481513749118443357e+01
5.024903086416399489e+00
6.121810785200438865e-01
-2.826290926600473696e+01
1.583294972612151952e+01
1.975674048111119419e+01
2.942947029565881323e+01
-1.450550798596706592e+01
-3.969328403700110641e+00
-7.860967903375171595e+00
-1.055549299875433000e+01
1.601500102581153584e+01
3.070143519197369031e+01
-4.156332980679692035e+00
-1.440509059842277217e+01
-6.930520298265737900e+00
9.162854189364933788e+00
-9.705832989355815954e+00
1.747699045904663251e+01
-4.297792445284547291e+00
-4.027630908589061676e+01
3.508367701676010597e+01
-2.608162082928123837e+01
-1.710742806915488501e+01
-1.890852516359602120e+01
8.012544819089556514e-02
-2.011130142337250248e+01
1.958116077266193855e+01
9.817057112100295413e+00
-1.386537904875211780e+00
-4.593041274284352937e+00
-7.074607370855420463e+00
1.165828668965088788e+01
-3.195478988483916538e+00
-1.132926177299814796e+01
3.564755843593364659e+01
-5.664759603419143197e+00
3.534374755524420664e+01
-1.346075197812203506e+01
-2.858715441579249728e+00
1.172752575030951228e+01
-4.570422503318719798e+00
-1.295507744041825227e+01
-2.044762037431076429e+00
-2.218252800071004671e+01
2.717252178300157794e+01
-2.561706385379073936e+01
9.643462805086161493e-01
-4.641559259335848786e+00
1.205654380830489991e+01
5.613213485344934917e+00
-2.220611965520363640e+01
9.786619659483747569e+00
-6.419134404201418675e+00
-6.903147407948346803e+00
1.203322323917551806e+01
-4.921188270118868502e+00
3.215840953668713809e+00
-1.378738701562308933e+01
4.632703647255801194e+00
1.354571463357987282e+00
-4.719828483486334214e+00
-2.939723089989424665e+00
-1.396789877767976140e+00
-2.690479588217691642e+01
4.521318209519140652e+00
2.771673111938950740e+01
2.461756117357258589e+01
-1.651692949927672061e+01
1.352096740397367114e+01
-1.086331408866938730e+01
-2.005746517908176330e+01
3.748656124947328294e+01
-2.385730114217138720e+01
-6.558638499953079126e+00
1.163974222713705053e+01
1.324500064565826918e+01
6.663783711044524161e+00
-3.737985532304691549e+00
1.244066473738976697e+01
-4.145898074269555700e+00
-1.648071242334513187e+00
4.992466197096444347e+00
-7.701917105789066298e+00
-1.204672297677620740e+01
-1.658872447422231033e+01
1.309591633650457787e+01
-9.424398424361010385e+00
8.236231279574421915e-01
2.674495413824939050e+01
-1.792742548027423766e+01
5.623215986471262973e+00
2.512829754468571508e+01
-1.059684952160814930e+01
-1.024431264992032808e+01
-3.398192675168839827e+00
4.173719505208387304e+00
-2.344863984720972283e+01
-1.130901222912144100e+01
3.484061730832437576e+01
4.042613714645259648e+01
4.199071872580181441e+00
-3.935657007616976344e+00
-1.809396786381033806e+01
2.319464759612547766e+01
1.682742812003503508e+00
-1.679481169141756780e+01
4.603827551977446575e+01
-3.139281382554699018e+00
-6.261394635101837025e+00
-4.506791601609910103e+00
-3.647708050051296613e+00
-4.702276653423504094e+00
-1.280936871157551238e+01
1.080243189159981076e+00
-8.495062630581140084e+00
4.782940518447892586e+00
1.825181931608288366e+01
-7.716819557927037110e+00
-2.816931768388068491e+01
-3.954908457017238810e+00
-3.064034000831106219e-01
3.627378857420021774e+01
3.203529491279492447e+01
-5.254640376850177930e+00
-3.021329428063981837e+01
-1.009739283561936674e+01
2.363068433205566876e+01
2.371975981745330753e+00
-1.325375377612457939e+00
-3.393295419929509116e+00
1.127028030799111491e+01
-2.259262203218049692e+01
9.104885066036198182e+00
3.047045365223534752e+00
-1.150714193886346948e+01
-4.088571150065502202e+00
-4.716031334494636518e+00
-6.868113284345135128e+00
8.915991625001323584e+00
-5.122935582830686840e+00
-1.684631743247570412e+01
7.067955550691386257e+00
-4.435501193057565850e+00
5.237791752969172876e+00
1.232227870832950423e+01
-2.377681930299190682e+01
3.274368250983122408e+01
-7.334940359090792228e+00
2.617982659652236777e+01
-8.934560001499683324e+00
1.454227543125950461e+01
6.901606026172895092e+00
-1.376243235329531966e+00
-1.200781324867907607e+01
4.375787080075495084e+01
-2.337178069116900847e-01
-7.539350687110458082e+00
1.148296378155387387e+01
-6.303437353421101896e+00
-2.337185459680632249e+01
7.573117434898047229e+00
1.435441573321456055e+01
7.280805590496452595e+00
4.777055173159181933e+00
-2.440483157513792989e+01
-1.670218977671452620e+01
-3.709369373170623430e+00
1.245278923358366185e+01
4.823724081044697520e+00
-6.984468248722575545e+00
-8.627866636489823549e+00
1.352877600136824654e+01
-2.833658423993005471e+01
4.209050765345768497e+01
1.762626253448476632e+01
4.391839355841433701e+00
-3.610526438566953544e+01
2.182692251014688978e+01
2.411494263613533473e+00
-3.540837592783449228e+00
-1.791308197916294631e+01
4.861490951995509846e+00
2.800964332130741496e+01
3.490410770417095421e+01
7.036593444738681313e+00
2.307634524897417716e+00
-6.822063247140519593e-04
2.017470527585017237e+01
-1.746663254529570963e+01
-2.939177861597860986e+00
2.427893464437450888e+01
-7.205846570668764883e+00
7.528488837719624627e+00
-5.201862586686528012e+00
-1.377919989155324920e+01
-1.009797061167970611e+01
-2.661442965464992128e+01
1.625102458154564999e+01
3.352191989438719588e+01
-3.244210702236373312e+00
7.143515916268963650e+00
9.812753757603873694e+00
-2.800752666292127913e+01
-5.155344119513623369e+00
-7.794058057383858262e+00
-1.441235736234710352e+01
-2.171881504337705593e+01
2.951813734222076491e+01
-1.281823004783484876e+01
6.292360462513467034e+00
-7.413089931111589870e+00
-1.533164093530645822e+01
1.569687667601842662e+01
-4.091846280675596148e+01
-7.296551208696826940e+00
4.461329949937310246e+00
8.485811814635308536e+00
3.055415114991366465e+01
3.486120694747518201e+01
-6.652591281684888003e+00
1.033960119063619487e+01
1.166348050961581073e+01
-4.189798408459959767e+00
8.521321894028831778e+00
3.542656501335285668e+01
-1.131586588131038873e+01
-2.484120312093238780e+01
1.013721983066518639e+01
-2.781292286794547408e+01
-2.252590084608722165e+01
-7.258637934897982369e+00
-2.106961390888526520e+00
-6.943739602022351853e+00
-1.675834603981877891e+01
-2.641953953871679417e+00
-2.487259119328026813e+01
-2.317970900368485943e+01
-1.795447638936928048e+00
2.182356443911544019e+01
3.011948693498391805e+01
1.002370153665505015e+01
3.173650362670865199e+00
9.589213991385788560e+00
8.843498731803807189e+00
-2.561967353374472012e+00
-7.545507926786109820e+00
-7.440958137585912624e+00
-9.421891628705552080e+00
-2.192592809653717367e+01
-4.616360430883615251e+00
-1.760252250898254900e+01
7.355323322298888300e+00
-1.704609015897394997e+01
3.371618289153722969e+01
-2.753235208022204450e+00
3.249185316985222016e+01
-4.204648449383496356e+00
-2.447004248522730308e+01
-1.498393786958313356e+01
8.064993634312353166e+00
1.168743736586644211e+01
2.488852269639685133e+01
1.879922696836480966e+01
-4.664794716799044672e+00
-7.833125157755691070e+00
-3.619845901587531056e+00
-1.769742243672569160e+01
-7.303477676608113534e+00
-2.056517902064993741e+00
-7.460935143192030772e+00
6.813109872334995876e-01
1.119299795379522955e+01
1.981902446748850366e+01
-6.264342622746310596e+00
-1.218061576963791204e+01
-7.695883113554835120e+00
-3.581605608794369289e+01
-1.180010398106475655e+01
-2.679998849953472373e+00
-4.075072056742239823e+00
6.229021891108320830e+00
-2.824191022855211841e+00
-7.346696454767794648e+00
-1.536374407556465371e+01
-5.760817170940446985e+00
-2.515691347307889014e+00
-1.742732327745828158e+01
2.590109743021675293e+00
8.934915561219954228e+00
-1.525730275619618759e+01
-1.816105851173639962e+01
-4.684448376708839845e+00
3.735531565700334511e+01
9.272854141166630981e+00
-1.390065571007995615e+01
-1.591331656920250381e+01
-3.854372158753623978e+01
1.893617697031075053e+01
-7.224633542669893771e+00
2.900675041720801062e+01
2.550479174919784597e+01
2.068015793371806055e+01
-1.409892712920565216e+01
3.932402044235847605e-01
-1.330653631656455538e+01
2.387186282534164405e+01
4.810815804579789301e+00
-5.116316733590288379e+00
-6.740280094494323748e+00
-2.774702261923135183e+01
-6.018544774037228429e+00
-2.321225539808781235e+01
-6.199376602579524942e+00
3.307756380570241461e+00
-7.405672006562300957e+00
-1.115718944713312233e+01
-7.379694247487287306e+00
-8.605838011591846026e+00
2.676846319611550395e+00
-5.180128788439235521e+00
-2.493758199177374379e+01
9.839209845087671269e+00
-5.015152980489659740e+00
-8.949627539538308696e+00
-4.581119520228550179e+00
-1.093703399735653470e+01
-2.225847921290427678e+01
-5.838521438469475910e+00
-4.904861473937427441e+00
3.199716510537931313e+01
1.167017804171338113e+01
-8.738497281920231785e+00
2.159984870134275070e+01
1.714554618911017414e+01
2.295199568845217897e+01
-3.982691334165369135e+00
2.256216395896008464e+01
1.314403471673355384e+01
-3.248195429103868381e+00
-3.918421102470055484e+00
1.282212348291548665e+01
-1.552967079408068685e+01
-2.429433217405193091e+01
-2.898382340267789559e+01
-4.965572975519560117e+00
-8.957709138992006714e+00
2.144546738786450746e+01
-4.692324917184736321e+00
-6.521616373108128251e+00
7.834390593415371029e+00
-4.869529843392385260e+00
2.316299188870778636e+01
2.207687140386767410e+01
-6.075423287418046492e+00
-6.727121329240850933e+00
1.399385713120858377e+01
6.201122907788031213e+00
1.258069486511411839e+01
3.536105272170873448e+00
1.752739625680240110e+01
-2.897812144459335659e+00
1.941050725192359216e-01
1.142890334008337838e+01
-4.083946188762127782e+00
-2.321085785416513758e+01
2.061085682196471680e+01
-2.234479250444758591e+01
-1.844730735177163794e+01
-3.646866981892449289e+00
-2.740335673067174938e+01
-3.074620020331160930e+01
1.124934612931016176e+01
-1.723079549053790416e+01
-1.609218647669629121e+01
-2.524699283471792910e+01
3.412089186295732191e+01
-2.141952180995340171e+01
-1.611867650586163947e+01
-4.754359723601349508e+00
3.132335021624779614e+00
-2.148025910599190524e+01
4.095842279503388639e+00
4.322260990448726581e+00
-9.904489527836741303e+00
-3.999619204692658414e+00
2.040247922478585707e+01
7.806571056028821509e+00
3.222540713845071281e+01
-2.751175660460096495e+01
-1.045273090079400902e+01
1.044901400001440628e+01
-1.160554601174463940e+01
-2.511380834998494294e+01
-4.723229489860591990e+00
1.858981154523361212e+01
3.817802530617810675e+01
-2.892187880171908532e+00
6.151234572592812810e+00
-2.740361383842823528e+01
3.496353309486734418e+01
8.702490566201680267e+00
-1.966710507866937618e+01
-4.792581983590818773e+00
-9.505726137745181603e+00
6.130342036243185078e+00
-2.255938643531830223e+01
-1.746028022397810275e+01
3.430349015666761403e+01
-2.208850875196889163e+01
-6.425952839860623378e+00
-5.480018125582732935e+00
2.942247780516057887e+01
-1.210603998093305478e+01
1.225774520920191613e+01
4.704816859674828322e+00
-4.421256763538056411e+00
-3.153704611966074722e+01
2.531167122534172975e+01
-2.125483663359948316e+00
2.076987402345849887e+01
-5.031863330355936803e+00
-1.500373840436508388e+01
-2.003765657281636692e+01
4.608658504894398433e+00
6.872182174942528476e+00
2.120916882743270904e+01
-6.963834119389061605e+00
6.292557939106147025e+00
-7.068833586577000894e+00
-1.042939873462951894e+01
1.272346230495217334e+01
-1.460154430863366315e+01
-2.104623006359766535e+01
-3.801835736102111341e+00
-1.842473475973637198e+00
-3.950975433754818766e+01
8.571465332010456351e+00
3.207514908169953571e+01
1.591474211291950658e+00
-6.238292121701424442e+00
-1.401410493621168385e+01
1.119043482554721081e+01
-1.872825830697948035e+01
-9.139666186156802041e+00
4.911101719015505296e+00
1.157726414138606152e+01
-2.583932928722512301e+01
6.319551846472785783e+00
1.000073988521068991e+01
-1.710702002216250506e+01
-2.718445243332328065e+00
-6.334216002552028435e+00
-1.930257188152808823e+01
-1.709222602303666605e+01
8.493020680074451434e+00
-1.042944475845520458e+01
-3.340728152368532022e+01
-6.741596212604530791e+00
-1.036131599531639580e+01
2.953655167778697965e+00
4.002115739825597096e+00
-4.138964636794143281e+00
-2.721757096596076764e+01
2.525986199924846431e+01
2.342731104818029308e+01
8.376367423382898636e+00
-3.356463123144463623e+01
-7.408895022468946934e+00
1.676636087593419333e+01
-6.683500432262983182e+00
2.866586061228389681e+01
2.999579055361295321e+00
-6.428978421094238449e+00
3.727955787316479785e+01
-3.054317217386456207e+01
-2.456594921855549174e+01
-1.108574519488095156e+01
7.305025793968632719e+00
-1.501025631146839778e+01
-8.695347036390263185e+00
1.262002970271555746e+01
-1.001887524731101564e+01
-1.078556381851232793e+01
1.939485413548933579e+01
-2.827920122049464524e+01
-1.901970994866484688e+00
-4.893543624243137380e+00
-8.079367053093017503e+00
6.976090608977860263e+00
4.733081798762789560e+00
-8.569521692709557215e+00
-4.731580261264372922e+00
1.090621383947989465e+00
-1.129527177555636896e+01
2.291223234405237363e+01
1.305812012919321674e+01
-1.203497884692909636e+01
1.882506001582481403e+01
1.117598858527652972e+01
-7.951728461698492012e+00
1.032522930972136166e+01
6.449210330410114267e+00
2.937109459443012938e+01
1.434146919686666344e+01
3.746394186997682674e+00
-5.099590159050467086e+00
-7.533579616239132193e+00
-6.202532537215232011e+00
-1.802655418590736147e+01
4.542234170064086030e+00
6.152379324107080549e+00
-1.212209863561917444e+01
4.314902795749166131e+00
3.641574300730996860e+00
9.518563547158366944e+00
2.293929806125464310e+01
2.248545511086800985e+01
-5.420824915669246735e+00
-5.398954791542158738e+00
-6.977571225569072944e+00
-2.571841395663061647e+01
-7.623896311025302630e+00
4.570270391855771663e+00
-4.048952087322341242e+00
3.432103956693995883e+01
-1.149226008544904865e+01
5.429209392727030625e+00
-1.187738409916485161e+00
-2.406312818091546291e+01
-1.148769931175461956e+01
-2.802049282857776102e+00
-3.453525562944101779e+01
-6.972390339332516618e+00
-2.470903714029309484e+01
-6.819725792341056803e+00
-2.092355625649652850e+01
2.251388991177382337e+01
-1.234642267509136992e+01
-1.782983806237196234e+01
6.239004288481841520e+00
8.992132978390674936e+00
-2.123403238573575180e+01
-1.343547208365204604e+01
1.703549552869219141e+01
1.015992719216264462e+01
-9.587362619516285989e+00
-1.771887053269493961e+01
2.154389832130612970e+00
-7.439800691587032944e+00
-1.572080331973566913e+01
-3.524216311585601780e+00
-2.125344606366577072e+00
-3.576378012469847789e+01
-4.615124705265936988e+00
-1.132290088372251091e+01
-4.114287051831301056e+01
-6.664048070593437068e+00
4.050841297201002078e+01
-3.103450169493360633e+01
1.172526624882337831e+00
-1.134476473529712770e+01
-2.556785756949491883e+01
5.073305577582363668e+01
-3.611112688160932294e+01
-2.543753312739620398e+01
9.657736006615653679e+00
3.428239358596204767e+01
1.321410119323857479e+01
2.243171781578332613e+01
-1.179573550332092102e+00
-1.143757224571579201e+01
-2.050316447325022651e+01
4.343104231328365650e+00
2.695942755347430975e+01
-1.733929157619000128e+00
2.342157746117400663e+01
-3.260813660911341572e+01
-2.317294540755407084e+01
-5.037526615235118355e-01
-2.729271368889416038e+01
1.636414134176209245e+01
-1.446779023739224534e+01
-2.392771816570961363e+01
-1.743033947987634136e+01
-4.941130321071334208e+00
-7.147976791735796809e+00
4.592589431182248383e+00
-1.417692421989640827e+01
-1.218720732344198865e+01
-7.902032112182124202e+00
7.823873929897831481e+00
1.264030775286490815e+01
-1.149644445088831723e+01
1.379413574475886328e+01
9.399012053529963495e+00
-2.071040106721494567e+01
-8.095861465267677914e+00
-6.527834824685526449e+00
-1.054195241939200400e+01
-6.397286129081306782e+00
1.012351069349440458e+01
-1.779028930879493586e+01
-1.359667898273104569e+01
-1.909197005842914052e+01
7.074718271426318594e+00
-1.710413506043418508e+01
1.703645270833292003e+01
8.097199053944713398e+00
-6.566806851354794361e+00
-2.586136236938861543e+01
-1.066478291301082848e+01
2.270946290286755342e+01
9.151464766645423410e+00
4.903374411314910475e+00
-6.879174729519397680e+00
2.380047342120356646e+01
-5.602957813220159622e+00
-4.195091121547695145e+00
1.516760562397606016e+01
-6.116227757852612079e+00
1.623951169930184690e+01
-9.091102804072408006e+00
-7.850643421440994807e+00
-1.504289166882394646e+01
3.048088145824157991e+01
-7.005194142256521594e+00
-1.717210426458863282e+01
4.422416831561441164e+00
1.511375652365026845e+01
2.849423083900290532e+00
1.185348901969345192e+01
-1.769523848706293379e+01
-4.272733844535363978e+00
-1.134640152631289389e+01
2.430262379100000558e+01
-2.721093926579707301e+01
2.265875794742255067e+01
1.650359527662613957e+01
1.633097359909413626e+00
-1.137117341160033845e+01
1.159703622700343217e-01
2.468056720706743334e+01
-1.840940991760870205e+01
-1.005095636067790110e+01
-2.113102522998278943e+01
2.697489279513894544e+01
1.994137626787221507e+01
-7.463181348586575226e+00
-2.765681136854288269e+01
-2.737045907488475649e+01
-2.535450026519329114e+01
4.274706286930133992e+00
-1.134344433311212619e+01
-3.640521221161215237e+00
-3.083912702675255701e+01
-4.212655767783972216e+00
-3.737175646902201276e+00
-5.542257054219853707e+00
3.667880266024436509e+01
7.472885926189080763e+00
2.508199836525165427e+00
-7.018363186031162826e+00
-6.319167333178105750e+00
-3.769325172082457209e-01
-2.072749627610870604e+01
-2.550457075387944883e+01
-6.914783160476651425e+00
-8.449447250285540889e+00
1.139260118032606073e+01
-1.361153361844869281e+01
-1.153958659726212055e+01
-3.470904708268280103e+01
-5.565679337827635464e+00
3.400452108507600002e+01
2.571005864482686754e+00
3.011866439525253369e+01
-1.144288872453501682e+01
-2.587604997053386668e+01
-4.848715407061154892e+00
-2.888511631947461744e+00
2.842474115377221011e+01
-1.539890679862194389e+01
-1.312130311791224457e+01
4.711416405452292011e+00
-2.294054072978230607e+01
1.039853205268898684e+01
-8.283127655886683982e+00
-1.521312216704363074e+01
4.748924845178185805e+00
-1.511736201983208971e+01
1.859424083843936160e+01
-3.033578999863216552e+01
-1.738260536546929558e+01
-5.691975098937013477e+00
5.443093982397055441e+00
-5.530383686377070340e+00
-4.632504580414820161e+00
1.353178112903719921e+01
1.668443629626564118e+01
-1.117986466601850459e+01
8.075591063443862794e+00
4.121346405889684483e+00
-2.258582521480471073e+01
8.093988122199881730e+00
1.937490733910743401e+01
-1.175289567542031044e+01
-1.389195618211294914e+01
1.998229461511376215e+01
-1.127119488805006320e+01
-1.125390516772096561e+00
1.740338780142925756e+01
3.745927471988695245e+00
1.511013175678920994e+01
-7.656106064459483385e+00
-1.360650721154236997e+01
3.579534281769920767e+01
2.001908694403932998e+01
8.339410113803541691e+00
8.206633270437720284e+00
4.856026109076315933e+00
-8.939479220222853684e+00
3.256680581711798794e+01
-1.269953681121669220e+01
-2.579304499248938853e+01
-2.607110979816333440e+01
-5.490409087271328481e+00
-7.509728660562407399e+00
2.004420028860430492e+01
-3.886013311766725487e+00
2.291029018818641916e+01
4.162702345440821183e+00
-5.527371450770040440e+00
-5.810958551863780741e+00
-1.200610327121788146e+01
-9.617215276793295686e+00
1.273622697104086932e+01
-1.608002109114918454e+01
-2.400625813731181779e+01
-2.478287614020102581e+01
-1.926781917718370263e+00
1.567245216032070942e+01
-3.154768628371139805e+00
2.833564676789647407e+01
-1.176843433295009866e+01
-4.051240391705655419e+00
-1.075573848953744438e+01
-2.714436640080794660e+00
-2.472180614373726115e+01
-2.613259188000708111e+00
9.635038861283128142e+00
-1.577120938040022047e+01
2.276766614249067189e+01
1.760140517438362551e+01
-1.112333327183070963e+01
1.634212308218326015e+01
-2.516790393427857353e+01
-6.257418956957449652e+00
1.623860061037591151e+01
8.298804897775502454e+00
2.554638435821112452e+01
-4.499430617231438667e+00
3.648827991944786575e+00
1.983247976916227984e+01
4.187327683682539714e+00
-4.608609856505454516e+00
-6.310399301677920292e+00
2.524624102966887307e+01
-6.028341223218458111e+00
-1.203076932242901975e+01
1.157563389280482902e+01
-2.012490856775623982e+01
-7.154184338486874850e+00
1.202213915678006018e+01
1.563528358653425876e+01
-9.227132551315657238e+00
-2.685525855188151567e+01
3.268746125524561563e+01
-1.681497773459463829e+00
1.404118877557985634e+01
-3.349846301275939453e+01
-2.906917993859838134e+01
5.782302239644509179e+00
-3.373743901403122436e+01
-2.180266606556608266e+01
6.288096185368582169e+00
-3.392370714275485710e+01
-1.613655648353411465e+01
4.227010204421546291e+00
-4.589093199249325572e+00
-2.347900912951094554e+01
-2.615750361605581631e+01
3.295851217467682659e+01
-4.084463251761887292e+00
9.273817332488201615e+00
-6.116383043553591747e+00
-7.733167471206887633e+00
2.203366591508603278e+01
-6.506774020495485367e+00
3.867258897101964354e+00
1.649907090303613799e+01
3.160497441120084616e+01
3.751114887442780876e+00
-2.081165153642277232e+01
1.164190925936595455e+01
1.766270670445529944e+01
1.710652073503774240e+00
-3.128426247702326801e+00
-9.880032655237708239e-01
2.496037652513777161e+01
-5.602299328543944412e+00
3.121991823167079616e+01
1.077140826452360578e+01
-2.664707617393922234e+01
7.012994209067368701e+00
-1.311718002532310301e+01
-2.806109948617796590e+01
-2.892995327643138825e+00
-2.596379775085308950e+01
-1.603593349721640582e+00
1.253157040984964787e+01
-1.910176037281037509e+01
-1.713588168601357609e+01
-2.444918160823200992e+01
-1.657932488882979172e+01
-1.098356888447071356e+01
2.085996973530407583e+00
-1.044880887338374897e+01
-2.043434177679833752e+01
-2.414038193687519041e+00
1.108805409148543930e+01
-1.562398827743924734e+01
-9.275508350191742579e+00
-2.829784137655351728e+01
3.629582435488200254e+00
-3.194796987271690369e+00
-2.806740907729471601e+01
-1.953282386218153377e+01
6.226610089943910076e+00
3.984379870020239522e+00
-2.457789052568854515e+01
1.916888805081374869e+01
-2.007926344947656006e+01
-1.714221900609227589e+01
-2.648495937780550946e+01
-3.668986864118342073e+00
2.298012180743921107e+01
1.712285794872068223e+00
1.154085040269234197e+00
-1.097931205870568228e+01
-1.496571102247965079e+01
-8.968932986537796026e+00
-7.118329656449262188e+00
-2.180547191217489456e+01
7.338968760108951273e+00
-1.729985800281422570e+01
3.120451278270051976e+00
-7.712525845714615969e+00
-2.233875767511532828e+01
-6.456265631915190539e+00
1.603750723076722551e+01
-3.944901533706338004e+00
-6.890580470988057371e+00
3.268111525971794862e+01
-4.954652761322181576e+00
-1.323843861322194826e+01
-5.782203258722639738e+00
-2.361055651391378873e+01
9.283100987259135906e+00
-7.383558430371503611e+00
-1.312419129049347788e+01
3.558613745226952396e+00
-5.199542765388681431e+00
-1.759185225885222081e+01
-7.133261648532891464e+00
2.161880366966015998e+01
-1.718885879979886511e+01
-6.755655029945410561e+00
-2.483816702685694722e+01
-2.565813000447409564e+01
4.104455427423152614e+00
-5.659456680595621236e+00
8.954110481986358394e+00
2.633623751288753567e+01
2.678372742466023482e+01
-1.300278646797581672e+01
1.907675787199017847e+01
-6.254749659360284930e+00
3.620393620137369872e+00
-6.321648221014450897e+00
-5.540945536894992252e+00
-8.703412267127617952e+00
-7.805952330669548189e+00
-1.458028758178444662e+01
-1.504594562825909598e+01
-7.349032612742653292e+00
-1.033297843987169351e+01
1.187479756189119762e+01
-2.801656710688934382e+01
3.476994387284239707e+01
4.796210011893938585e+00
-9.360499151724013700e+00
3.143446658827645379e+01
-6.481252779573700273e+00
-1.063290751090280040e+01
-2.771821864823064629e+01
1.164285407562494967e+01
-5.851308436707157945e+00
-8.677251750860714097e+00
1.840792344254425839e+00
-1.552500793652370348e+01
2.479422211231981876e+01
-2.405796833324400197e+01
-4.434250327718782358e+00
3.312085856509940029e+00
-1.816869585017328959e+01
-2.954305286332582270e+01
-4.582445442379225575e+00
2.572716879522310762e+01
6.285982077018164027e+00
-1.210942208840054057e+01
9.639850376891320849e+00
-9.545020966971081933e+00
1.341433122558250979e-01
1.161625626041866965e+01
-7.203634374597398526e+00
-1.009054235006747469e+01
2.201482653859234517e+01
-6.201388910095977813e+00
-4.978272970463045510e+00
-9.757185369090395355e+00
-3.698213519929602455e+01
-1.374910456705450024e+01
2.182435145291704259e+01
-3.255478118399978626e+01
1.633385854324274078e+01
3.183679693249900300e+00
-7.403464844362685149e+00
3.344029322794933279e+01
-3.881478601612002421e+01
2.072870361725766841e+01
7.186693764974513954e+00
3.117206286273252402e+01
-5.832676065338240790e+00
-1.862329329160122526e+01
1.049208568860609248e+01
3.324304468942409585e+01
5.031228477091631568e+00
1.019445690025952800e+01
-8.319994217870997133e+00
2.517740729658155274e+01
-1.484957354446247635e+01
2.288748023049933877e+01
2.317567743409938430e+01
2.815563753595482055e+01
1.617078723651230732e+01
1.230495723589083745e+01
-1.588629475888108722e+01
3.893712356603155200e+01
-3.916054433987430361e+00
3.630632785176996169e+00
-7.649924106912160404e+00
2.473110101406413364e+01
-2.038414191100875428e+01
-1.607256352323964776e+01
-3.539079857754531844e+01
-4.389442473046848647e+00
-7.673598739375373512e+00
-1.209584064593944319e+01
1.074819531569858633e+01
-9.244941537797574327e+00
-2.341611880119280542e+01
-3.274285603672572620e+01
-3.472220741235985120e+00
-1.308615914486667009e+01
-4.170234871049257386e+00
3.703712003779766171e+00
-3.148853748140859210e+01
-2.231939456753968098e+00
1.120996868225947729e+01
-2.937292052379916196e+00
2.435771665927762619e+00
2.131024063977854155e+01
-3.819263876039573802e+01
-6.337492082887012046e+00
-2.366590624822399747e+01
-2.592695486530397631e+01
1.123991973564406166e+01
-3.587699892762132947e+01
2.590289384477224033e+01
1.112137971716186158e+01
-2.965252443632780288e+00
-3.222509139020158386e+01
-2.902342367217347885e+01
2.435764327201896151e+01
4.135086992864687616e+00
-3.759257287130160563e+01
8.828681281225772004e-01
3.213776528852238812e+01
8.152885031712058250e+00
-8.203739839778675602e+00
-4.129355596179011378e+00
-2.022195947427610463e+01
3.404399186494535989e+00
-1.309328719002011887e+01
3.000988424670907762e+01
-2.744987378837996417e+01
9.822480077528338072e+00
-7.728773896998732518e+00
7.859027201986688915e+00
-7.205941133937574961e+00
-1.658547992304704977e+01
-1.748864448320457754e+01
-5.434911244587128820e+00
-4.684423128164669770e+00
-1.494944793103357839e+01
9.234104957674414749e+00
1.427575490593847540e+01
1.278922593909055294e+01
4.983070355481815206e+00
-2.235768989128540696e+01
-2.374964981067621750e+01
-2.221265766738268965e+01
-2.009004662888002102e+01
1.813189182710982283e+00
6.800306274114841010e+00
3.576147918811955861e+01
-8.475561815166772206e+00
1.630655821019881913e+01
3.738634272536781822e+01
-1.497052191875221894e+01
4.948440323558783938e+00
2.555292282799556958e+01
4.311978827685999605e+00
1.687326175467336498e+01
-3.068414032949851489e+00
-2.880133956595908629e+01
-7.698263049607469100e+00
7.916583524482851075e+00
-1.077372403232308784e+01
-1.710570858861968446e+01
2.203834097127160518e+01
-2.572371631761638522e+00
1.117099124931699805e+01
2.413286025230376719e+00
-2.002380274122137749e+01
4.894953127696544115e+00
-4.419199341588855745e+00
-7.161400523746630498e+00
-1.477476453809756229e+01
1.448267265419225502e+01
3.964829810593971438e+00
-4.077427371700421688e+00
-6.270989979772520151e+00
-3.464300932097961550e+01
4.578686362379102093e+00
-4.694593953445312273e+00
1.374187077043914229e+01
9.973013439982924666e+00
-2.457191427003517248e+01
-1.247780310260217007e+01
1.947965812429507437e+01
4.666997320344944633e+00
2.724680465157714337e+01
3.268703215682263874e+01
-2.619473169066204754e+00
-1.568689513104716227e+01
1.701572357779436118e+01
1.848949137381958430e+00
-7.366562130085465121e+00
2.912992680812922686e+01
-3.855941460766166529e+01
-2.064129343402513683e+01
-1.815082045749535666e+01
1.545879704430894286e+00
9.924332654405151999e+00
-2.221598958385173006e+01
3.300511294063865364e+01
1.365531402535187588e+01
-1.997314116000843143e+01
1.279628591340649635e+01
3.270461413716616761e+01
1.691591637115684676e+01
6.832617998285956951e+00
3.209778780922665931e+01
1.650286318296114985e+01
-3.007381546902831548e+00
-1.096391736698855901e+01
-4.280216183866333957e+00
3.637806490241585777e+01
-1.677339240551948407e+01
-6.233794075223144660e+00
4.708589554330646187e+00
-1.212770080163094555e+01
2.226660810439435423e+01
-6.564296768211488775e+00
2.930510873808708894e+01
8.307698941484106925e+00
-6.350458834701584010e+00
-5.212403845604869801e+00
-2.800140200718374572e+01
8.895240503852052782e+00
2.503691694033690851e+01
-6.788685249485740592e+00
1.068514036452756777e+01
-6.131835606769284297e+00
6.833151870806808414e-01
3.648464060864844072e+01
-1.482589748302319599e+01
1.598962698537242133e+01
-7.687461090571860112e+00
-4.397864114116080358e+00
3.809014029882621610e+00
3.277164866124659959e+00
3.280264000933829038e+01
2.619800680809461468e+01
5.719972055719372506e+00
8.564702480762889536e+00
-4.442069251236885563e+00
-1.481095753256064640e+01
1.198249251584261366e+01
1.535236581141385237e+01
-6.808417529415054403e+00
1.159414043207670453e+01
3.438349423696599416e+01
-1.538791778457735226e+01
-2.464979244556217353e+01
-2.804058672724347900e+01
-6.173844476298729234e+00
-5.728629081951606139e+00
1.268242116588992374e+01
2.286840025313451363e+01
-6.562220286605740860e+00
2.430592543454445931e+01
2.592240930500351226e+01
-9.458617042714625001e+00
-2.364172871844318280e+01
-3.034726052958818698e+01
2.529993867102331251e+01
-1.786086104325009671e+01
-4.395753662749542379e+00
1.151311215568694379e+01
2.526828056123628485e+01
-2.267583978140416434e+01
-2.710247894724188367e+00
-1.100048881294316594e+01
-3.667979928205530538e+00
1.014624795116445988e+01
6.019041037974981023e+00
-4.549703812680802706e+00
-1.064393430895449377e+01
-3.172986454880598384e+00
1.681248969788665093e+01
1.031104930597965641e+01
3.634888116136184788e+00
-1.558880664484999556e+01
2.292573962881731475e+01
1.315459485937995510e+01
-4.552512285112621626e+00
-2.875603504961814849e+01
-1.112205931629768330e+00
-2.827092280770726607e+00
-3.836167553521708129e+01
-1.776104354580108335e+01
2.390209803821203138e+01
2.654590915247653271e+01
7.050019901718689752e+00
-3.629481315194173874e+01
-1.512048296172350925e+00
-2.937926255362706129e+01
-5.052633446139364715e+00
-1.152203595820281024e+01
1.148614968753356180e+01
-6.275049995391874802e+00
4.131758406999991529e+00
8.170876888257117443e+00
2.052783471580313446e+01
-4.473307012799338622e+00
-1.455030138529324724e+00
6.631882517396875620e+00
4.185171508734773838e+00
-2.933192104312886794e+00
3.267020063645283301e+01
2.385892689130406907e+01
-1.042315827923218663e+01
-1.808153252237081077e+01
1.536063535636969490e+01
4.268685425273142542e+00
-6.104880752603532912e+00
2.378319701690235277e+01
-7.798347588008367914e+00
-1.031640432261918328e+01
-1.674440415907494639e+01
-1.846800631084431998e+01
-1.776150280183819063e+01
-1.019726168348683792e+01
-4.869020535138791850e+00
-1.516226781311902094e+01
-6.837322718767416596e+00
-4.566637660793761100e+00
4.329439470430130221e+00
-2.534832743973208125e+01
-1.118785763870682715e+01
6.539544182499138714e+00
-4.417613141118765796e+00
-1.880101926725722450e+01
1.574049864356547701e+00
-1.194300645965624952e+01
-7.676932792232292968e+00
-5.119954741476932192e+00
-1.290009434365041585e+01
-7.584581949622623220e+00
-6.482104411837604552e+00
-1.270514843704787111e+01
2.936913774773232788e+00
7.995627432752796082e+00
-2.596664096995839444e+01
3.072202687082723482e+00
1.081043876721222929e+01
1.169456494292896487e+01
-1.416115430388584251e+01
2.912424122418653027e+01
-6.989856148387732837e+00
1.042487090991640386e+01
-2.924701431540903229e+00
-3.069147796987244092e+01
-4.009927782509909555e+00
7.460376741236976805e+00
1.991811204473755836e+01
-5.169476713450456451e+00
-7.631640353295161994e+00
-6.667462776570841854e+00
-3.560984703225971160e+00
3.163067067874392890e+01
-2.083550346062096992e+01
-2.767084546353531849e+00
1.069658073534061593e+01
1.474614091999590393e+01
-1.348696649951544302e+01
2.473797840338637144e+01
5.784098574886155086e-01
2.779791280819237898e+01
-2.605190203002360860e+01
-2.349849076317062302e+00
7.116472176032623276e-02
-1.701439145658216745e+01
-1.550866293503491988e+01
3.543643914232442960e+00
-2.104421359074426334e+01
4.024727029631584685e+00
1.630580600286543502e+00
8.623843260840844849e+00
2.212026573941290053e+01
3.293439327364328051e+01
-1.071007421833683892e+01
1.014379933485801466e+00
-6.537533629151535131e+00
-8.116041177205911339e+00
-7.066359823318310696e+00
-3.271334456953578051e+00
1.859026617306303564e+01
2.194854658084474153e+01
-2.480624856298875081e+00
-4.812256289471640969e+00
-9.970885855255664509e+00
-3.477545751551258224e+00
-8.267937804766679832e+00
9.746488339714138860e+00
-1.008666845527839051e+01
-2.134157081267879619e+00
-6.021331513712318895e+00
-1.554163477079636557e+01
-1.143472153393923740e+01
2.673104619878267307e+00
-1.824984645020877139e+01
-1.204497580514457056e+01
2.310791810251171974e+00
-1.622479928977153563e+01
-3.700641521609337126e+00
-2.864883987804842391e+01
3.588426090752975028e+01
3.136804532249789279e+00
-4.849279387536225450e+00
-1.630550022504809071e+00
-1.559735952304093409e+01
-1.335617907535245941e+01
-1.023360219413432048e+01
-2.653356831709295349e+01
-1.230330442117399770e+01
-1.025558917566170436e+01
-2.129928123280874530e+01
-9.971795420475922711e+00
-2.309277389647438383e+01
6.158001897859339380e+00
-2.099584046906976909e+01
1.997766979059074188e+01
2.955918587271432330e+01
-2.331940369284938797e+01
-1.323604483618087890e+01
3.916499240119389214e+01
4.646583116043058403e+00
-8.233061836751817353e+00
-1.191048739288485692e+01
-9.428008215776522150e+00
-5.506296833813607350e+00
-1.094585566550466638e+01
-2.637918788962585381e+01
-6.217157755765503779e+00
-4.676690000693506377e+00
-4.897392204564651408e+00
-2.948777644460369629e+01
-1.066446620394002309e+01
-1.107170689193285540e+01
-6.761842999710661495e+00
3.669861528250657301e+01
-3.686609601031510586e+00
-1.674270396311559139e+01
5.749362478121342690e+01
-8.532573549542709079e-01
3.572614958203143232e+00
-2.579731318316695443e+00
-1.082449146875329049e+01
-2.001359885595049448e+01
-8.332967031504361799e+00
-1.897880952622068307e+01
-4.081654237783797612e+01
9.524860288394132013e+00
-1.535360227747556650e+01
1.024217714464922402e+01
-2.466920743003364791e+01
-7.258505791701534093e+00
-9.025210778936548550e+00
2.038518752757724428e+01
7.716182009901697114e+00
9.129287131525543941e+00
-9.630559336461219644e+00
-2.553520228243094436e+01
-1.265557586196693229e+00
1.676732193872586407e+01
-1.534015498123272181e+01
7.279377833618434934e+00
-9.012408311556638907e+00
1.662543872797297695e+01
3.201840295481787280e+00
2.498371589318404862e+00
-5.362676523287244201e-01
-5.259777864963700367e+00
-4.383563487330734532e+00
-4.545452002607163422e+00
1.567206742767064576e+01
-6.815288136107565009e+00
6.843350007237487986e+00
-7.243483112125818302e+00
7.693636417979060838e+00
-1.825334262237862859e+01
-1.772709139444902604e+01
-3.516734957633661729e+00
2.524246141427204293e+01
-2.190925297517868131e+01
-3.035207641614333429e+00
-2.543870709927980300e+01
8.978515679273382233e+00
2.441827309577055516e+01
2.175432597679069957e+01
1.311736126561540061e+01
2.353080414092498795e+00
1.390059558079392588e+01
7.431792247215898151e+00
3.113600735643048978e+01
3.879932679795093975e+01
-1.301119320145545366e+01
-2.283850558078289339e+01
1.887077722506865030e+01
1.457739612278176367e+01
-7.122998872883002264e+00
-6.755842443608085723e+00
9.481360007886936003e+00
-7.202395565005726752e+00
-9.967761629708546067e+00
6.090767177376797292e+00
1.572479917692697526e+01
-4.567106352626463917e+00
-1.054605844488833633e+01
4.201913237425864978e+00
3.851132478905847734e+01
3.443519921110581805e+00
1.871518207814414936e+01
-3.558655684294571131e+00
-2.665684058253585675e+00
3.396053406139444775e+01
2.423295952191359603e+01
-2.444184456522157234e+01
-4.691402937118249739e+00
-9.491167221794908571e+00
-1.543623769710632310e+01
-1.129033151738011753e+01
1.344596620777285345e+01
1.645794333823662114e+01
-2.288254024739649140e+01
2.911631228228144508e+01
-7.462724969342175108e+00
9.691013819753388603e+00
-3.873570482126468040e+00
4.932256428745371402e+00
1.971020319267079657e+01
-2.282160107536202887e+01
1.857895154925773795e+01
1.749235976149484983e+01
8.343521675495232381e-01
8.385581839610301458e+00
-1.745591237191694134e+01
7.399165632579464358e+00
2.898528428241093025e+01
2.145512890329763778e+01
1.616751306976919267e+01
-4.331718254603877050e+00
-1.683750594362208730e+01
-5.875211999141082941e+00
-3.116553536860203266e+01
-1.956039413701181218e+01
-3.114982197057615920e+01
-1.157468084119745377e+01
2.203682338373394245e+01
-2.223181374753333372e+01
-1.184459611518123978e+01
3.073410057616770175e+01
-6.351539322600004311e+00
1.829020124740813458e+01
-2.315574774942532343e+01
6.588376085641634461e+00
3.059743670421323891e+00
-7.516748514389846036e+00
-2.480560895409746891e+01
-2.765811524994072457e+01
-1.923337363991461757e+01
1.123456668230002009e+01
-1.473041833757686447e+01
-1.884331468571404500e+01
-1.733203464875576572e+01
-2.390220493226641452e+01
-4.137669868629877179e+00
-7.220937793181593456e+00
-1.620136262904796176e+00
-7.092203235880844225e+00
-2.471676587069476128e+00
5.203490923932140078e+00
-6.849126013293671988e+00
-1.655166728651852637e+01
4.572306668800556473e+00
1.541448948281510134e+01
-1.748544698288426957e+00
-1.126685665305287465e+01
-7.032916026683224686e+00
-2.720410105417604640e+01
-3.498050594289426840e+01
-4.758002220983548192e+00
-3.451553109946448483e+00
9.300614919915714651e+00
-5.333271832892593878e+00
-1.382654504323955535e+01
2.060803843983197225e+01
1.112806189325729278e+01
-1.255885897127495454e+01
7.297910617759934659e+00
3.289642205032178968e+00
-2.249439125125515204e+01
1.208371377822944304e+01
-1.603698570624460729e+01
-1.295554978560060100e+01
2.908322029121307750e+01
1.593113413760656982e+01
2.667619349580423460e+00
-1.522709567645061668e+01
-3.827048261171186461e+00
-1.917041989826493165e+01
-1.122913714781669370e+01
-6.630350256178124901e+00
-9.096339151120252708e+00
-2.529333899393246909e+01
-4.222563101917370609e+00
8.339924932719489092e+00
-9.404216790036386442e+00
-5.697575927831914910e+00
-2.726372123060466990e+01
-6.582072292422500581e+00
1.754700516915111663e+01
-1.162078711263657205e+01
-2.231241361594245376e+01
3.454488535428080809e+01
-1.088302458657066651e+01
-3.662367283991605404e+01
-1.701768719620863024e+01
2.207057474216030712e+01
8.354306942065051089e+00
-2.684549198406436332e+01
-2.044888994008782745e+01
-5.235104026610947869e+00
-4.616574639212280395e+00
3.008417441852979657e+00
-1.829774928805282030e+01
2.626055162940446408e+01
-3.852192992607803035e+01
7.066417856025622335e+00
-5.427230762481402238e+00
6.160857687540703509e+00
4.000131229418722789e+00
1.094444143109036283e+01
-1.495692898153516204e+01
2.512005158851487607e+01
-3.818556527865997907e+01
1.271397969039919218e+01
2.477623021218024135e+01
-1.787396596541775295e+01
-1.587696907109721245e+01
1.222312434731328246e+01
-2.980334244417214062e+00
-1.097701858371101569e+00
3.043344417412580327e+01
-7.115448537340189894e+00
-2.029236637017096356e+01
2.599041828177265856e+01
-1.166124385191033497e+01
-5.843691690850008946e+00
-2.035877920171959232e+01
-6.469752644553147469e+00
-3.282270496021070905e+00
2.532415278321170859e+01
1.773943350126668861e+01
-1.600466337740148504e+01
1.167825407678565064e+01
-7.220850179999711571e+00
1.744374935334912990e+01
2.612971567202159306e+01
3.759487232787234490e+01
-1.404122265092585975e+00
2.554460066163897025e+01
7.424018931422068590e+00
-6.224874867563408465e+00
-1.596275671212217695e+01
4.838953445112579743e+00
-1.461067384456912954e+01
1.544101996173844782e+01
2.454408463867919821e+01
-1.259316912212462825e+01
2.680019014670567401e+01
-1.079083238712786574e+01
-1.109184895359948086e+01
-2.072414359793687666e+01
-1.676832518488581769e+01
-1.199614238015595014e+01
6.275681112127343475e+00
3.113371233193176835e+01
1.694158487323837292e+01
-1.403067640705247143e+01
6.037316111177886135e+00
-9.830084691855910606e+00
-7.462863850313180336e+00
-1.734846910919025120e+01
-7.241832157466092212e+00
1.930519240351452837e+01
-1.729629540244598473e+01
3.477213569545531868e+01
-1.032869271832156244e+01
-5.310556259559245262e+00
-1.758637597120157636e+01
-7.186644420233128550e+00
1.738587629246130195e+00
-1.022556245262129693e+01
-2.433228765401180382e+00
-7.269881527318573511e+00
2.647134804525999385e+01
2.136617738612303086e+01
-9.831913073025301486e+00
2.326082870326801721e+00
-9.741164405300297702e+00
1.562188952318064850e+01
3.928276453791789802e+00
2.492873172191992737e+01
-3.918538501113180583e+00
-1.730714592680164543e+01
-1.544008927269697296e+01
-1.487375419546660638e+00
1.344434912072138566e+01
-4.042882017623164792e+00
-7.321729313640388703e+00
-1.110803143500631407e+01
1.008664430014808566e+01
-4.769233663451877270e+00
-3.184007488946542175e+00
4.153971826808327705e+01
-9.358533719528036698e+00
2.559704909531432371e+00
-7.036889468093988853e+00
1.544517305146338160e+01
-3.508663105971903917e+01
-3.255169909473259793e+01
4.992612292658996864e+00
-8.883998355524568069e+00
-1.653794605958757558e+01
-1.473001356808061502e+01
1.063379047869263871e+01
2.989338948247766581e+01
1.939759956461480783e+01
-1.889842992934370969e+00
1.951955324692856486e+00
-2.026537065190161613e+01
-9.941704346265018089e+00
-2.114423654626690308e+01
-9.259709223347615037e+00
1.888257807895013229e+01
-6.794559837192633900e+00
-3.725465861570734205e+01
-2.062700429203313135e+01
-7.225091054993592721e+00
-7.229217067178513645e+00
2.106971615518557783e+01
-1.877373125341147642e+01
-9.963296283741154724e+00
2.960635560109088971e+01
-1.803083495657998725e+01
-1.104262373867748614e+01
7.041680382198708621e+00
-1.449378919279252642e+01
-6.217057487613564248e-01
-4.173717269236130178e+00
1.796009934216385417e+01
3.120676548501178704e+00
3.777752604755803212e+00
-5.599728265846866115e+00
-1.447945092391298871e+01
-7.039175099974349870e+00
3.924250610108240167e+00
-2.094284435062837701e+01
-6.669315881165715609e+00
-5.346561587475090249e+00
-7.132915001664897225e+00
-2.205634749762409896e+01
8.807824385906844356e+00
-4.686721996144217250e+00
-3.835652138756767471e+01
-7.266645327181960212e+00
1.439803180120830817e+01
1.601842295309655739e+01
-5.474763582734596845e+00
3.630583643718843234e+00
6.980679407740932874e+00
-1.591326060664760433e+01
-4.453067775749573798e+00
3.565924210852243537e+00
1.347117649854336108e+01
-7.211430579982907929e+00
-1.037095336825296066e+01
1.089031343739387658e+01
-5.166106627394223771e+00
1.468914636014629593e+01
1.165702177617142432e+01
-9.262187391980429396e+00
3.539408912322252831e+01
2.377208298715567736e+01
2.367521063292773675e+01
-3.133562357165094348e+00
2.476255547982624705e+01
3.289046901176293147e+01
-6.616605076451781420e-02
-6.900201937056559487e+00
1.028377191937494395e+01
-6.275446628587243225e+00
-1.997792488247255083e+00
6.077687785850470092e+00
1.087057201309108123e+01
-8.314503978969134401e-02
-6.810661850211125135e+00
-3.925517922629211398e+01
-2.609329715295842789e+01
-1.865611337907247957e+01
-1.544305959962337305e+01
4.450270116434260359e+01
-4.589706909971235760e+00
-4.564872303518631824e+00
-6.437945315329660190e+00
2.062516151043007895e+01
-1.662460378487023149e+01
2.980827501015757264e+01
2.502336158178495751e+00
-1.761984334517743989e+01
-1.598914825776013338e+01
-1.860573322800885609e+00
1.822655555244885761e+01
-3.251558402059773201e+00
-3.893021812056392417e+00
-7.026532605580858792e+00
-3.373434919994670267e+00
-2.588186472218040990e+00
-7.172482161695197256e+00
-8.226931503581740301e+00
-3.146056293960524997e+00
-1.240633401073542252e+01
3.261232193009882252e+01
1.509948204179353759e+01
1.285119112901594995e+01
-2.669974335007604083e+01
-1.400089612608755552e+01
1.221310295126230017e+01
-1.487999433999404353e+01
3.144038650774819921e+00
2.540662946409241840e+01
-1.296215521714968943e+01
-6.811011270215327151e+00
6.160633530515887912e+00
-1.161244660996383615e+01
2.470214809480734530e+01
-2.774129145920005612e+01
3.484928692039101605e+01
1.701080982876452552e+01
6.863706571153260327e+00
-1.239420348415325712e+01
-7.393181891829903485e+00
-1.019443885046004361e+01
-6.521941879804356468e+00
4.173563301688388094e+01
-6.784029924154626023e+00
-2.343556074955274937e+01
-4.350701867331629558e+00
-1.517224063469561024e+01
-9.239960940435802073e+00
-1.303204851394168173e+01
-1.204418861273847696e+01
-2.631030095499045274e+01
5.963029212720925010e+00
-9.912654194333439861e+00
-4.958468688233486965e+00
-1.073471017833675845e+01
-1.414225582147100591e+00
8.859048097303462654e+00
-1.618125350794783301e+01
2.559895882317844151e+00
-4.480051674095095748e+00
3.448703168011061138e+01
-1.628282545354716504e+01
1.072277630553239725e+01
-3.508347280896778386e+01
-3.020163677503321598e+00
9.550360667977878748e+00
-1.424290983985501136e+01
1.931912285685104891e+01
-1.874419888757441655e+01
1.787067239089557802e+01
-3.210177647086320718e+01
9.408436415979686274e+00
-4.642863704546288162e+00
-5.789690685845263474e+00
1.686096084229945724e+00
-8.946814865114735227e+00
-1.129535342362817474e+01
3.036885480515121749e+00
-2.803689649338047829e+01
-2.490580538460089244e+01
-7.133830284760459328e+00
-6.657900726319772922e+00
-1.202695184292097963e+01
3.384509384448517721e+01
3.482044219865419166e+01
-5.437948643499455947e+00
-1.707891681524786875e+01
-3.264755711261821958e+00
-1.704288800885870359e+01
9.185530936265735136e+00
-6.612036567697036737e+00
2.325874799080557054e+01
1.134926261891728672e+01
3.339073608298631646e-03
-1.977160875854957567e+01
-4.693368298966654528e+00
-3.611715757141872984e+00
8.462816139529369508e+00
2.902453437467700237e+00
1.941978179798468762e+00
-1.661278495929216703e+01
5.915893586008760252e+00
3.079922403839769629e+01
-1.474041577465722774e+01
8.662355126130027116e+00
-6.559079423025377942e-01
-8.117748275400304081e+00
-3.663767147368351118e+01
