-2.219017499512232927e+00
1.110575363481170008e+01
-1.424597166082669730e+00
1.007420284564625490e+01
1.392061422674823845e+01
8.924748917743983156e+00
7.730957185655370267e+00
7.785822598174314990e+00
1.509458994966318279e+01
-4.215031952558684347e-01
-2.199925383203875207e+00
-1.149941637100138303e+00
1.096774520890454241e+01
9.202620029021517212e+00
8.432462841640266049e+00
1.441310591032142696e+01
1.198007799669426277e+01
3.512338398946520002e+00
-8.630822431732979583e-01
-4.018446643939496354e+00
2.666879115988814419e+01
-6.003437600369765370e-01
-3.446623401976141032e+00
7.225340129436219172e+00
5.251955320397398097e+00
2.585162536013655910e+01
-2.225194697364721863e-01
1.582247775254575650e+01
-8.629277620694992823e-01
9.639341862338431710e+00
1.505345410181101684e+01
-1.545286488551383286e+00
-1.659743171356705682e+00
-5.177481581048068993e-01
1.407795979450715507e+01
6.239875003233364303e+00
-1.428885549744459471e+00
-1.132871625251229419e-01
-1.721241284935909555e+00
7.544806440915262868e+00
1.970968560108925072e+00
-3.410134397351675339e+00
1.051837881618389936e+01
1.544298790276856259e+01
-1.251052014450279692e+00
-3.407693927793914446e-02
6.869382400717781501e+00
-1.432699077762574902e+01
-2.024218532903558909e+00
1.931708223894398557e+01
-1.197597320707150637e+00
-1.365292858370241058e+00
1.866375424789344706e+01
1.539782888016060625e+01
1.573803107672514301e+01
1.234366757295663497e+01
-7.625317446608608218e-01
-1.769379084954912695e+00
-3.056684108168125635e-02
1.033032708405696987e+01
1.774058832064950764e+01
-1.567796280873993586e+00
-2.819040972345239204e-01
-2.265106783275902202e+00
8.579450361565323036e+00
-9.712233199385562621e-01
8.195479349166680194e+00
-4.884079757209055517e-01
5.746848526003240920e+00
2.479287016342097161e+01
-2.042262879992684077e+00
1.041643841515446489e+01
-1.415801905564747276e+00
-6.061987027826627461e-01
2.504859251204883819e+01
1.825968730370732018e+01
4.852955843241241851e+00
1.450728640245367451e+01
1.141630802725322802e+01
-1.154496510823756206e-03
1.666257398530371248e+01
6.604777812475486343e+00
5.058623818708654518e+00
8.753115885357951598e+00
1.778493324038295498e+01
-4.196567647347937413e-01
5.978745625261362662e+00
-4.354791247498538409e-01
-1.326603413393756092e+00
1.186207566325533591e+01
-1.213032061577908216e+00
-3.563943312945750952e-01
-2.282933523759336225e+00
1.205299159313122459e+01
-1.324963108125187139e+00
-1.839922263502796973e+00
-8.587541202995269130e-02
1.422499558973841083e+01
8.073256307102592899e+00
-7.792794660725332001e+00
2.449862407612989657e+01
-6.645180526614513639e-01
7.174789909958413148e+00
-1.136961137827345203e+00
1.299252406331618737e+01
-4.486907864833930004e-01
-5.975268672100733092e-01
2.387594042172428654e+00
-1.780395008826781478e+00
8.304513280367032735e+00
7.431605082094922210e+00
-1.024900730400351456e+00
-4.437299147626714735e+00
1.197366383497610975e+01
-9.125516555507238170e-01
5.184022344839090302e+00
1.881633836397275417e+01
-6.033280429174403547e-01
-1.548835671595505614e+00
6.269074778877556042e+00
3.475699806631645128e+00
-2.055989309071368787e-01
1.084893294150539589e+01
-1.474310513228731523e+00
-5.967727030653807718e-02
-1.494304122661709977e+00
-9.827269732118968371e-01
2.286650366599502249e+01
-1.946673846444157752e+00
-1.456561576969249039e+00
1.130353498594923423e+01
1.873255487940553721e+01
-2.171191480300718624e+00
-2.080898121274524115e+00
-1.633665163108531271e+00
2.770600802406323737e+01
6.148720300531680394e+00
-2.080464813391968981e+00
-1.718465902789739541e+00
6.394951455419922048e+00
-1.347503634918955306e+01
1.047124825877802934e+01
3.734412789921613296e+00
1.596829254163178113e+00
9.780477354926889078e+00
2.467955525654816640e+01
-3.969920474104838837e-01
7.595817637926006505e+00
-2.124995974354320971e+00
-4.762895058724018860e+00
7.793838181494054496e+00
1.114666926514758849e+01
-8.638862300183205445e-01
-2.011286522474744487e+00
2.746473560074772635e+01
3.830106390495108926e+00
-1.238916817114270597e+00
-9.355738537745121874e-01
-1.033332153586870472e+00
-9.106464061988261971e-02
-1.270151801299937100e+00
1.505025473561252980e+01
6.982769635875755831e+00
-1.081009470317806809e+00
9.718029673502570631e+00
1.171393936141107872e+01
-1.621603548625190294e+00
7.208424765228477860e+00
-1.716752034206749933e+00
-1.264755534647310942e+00
-1.123296892445176054e+00
-6.394855852776676342e-02
6.310365282936648335e+00
-1.541901664596366350e+00
1.043544539641099966e+01
1.339039523714714264e+01
1.937702618338040139e+01
1.494955777255188778e+01
-1.326232507583715581e+00
-8.464589431942202147e-01
-2.854281573750158785e+00
-9.635302896408244333e-01
-1.228761413742888164e+00
2.036950837059209007e+01
1.569611167208125657e+01
-2.084389955537820915e-01
7.575703937144513844e+00
-1.273208596940782922e+00
-2.140375792707721603e-02
-1.990479498071146880e+00
1.054893666903791427e+01
8.445463527956249550e+00
-5.958611082077170940e-01
-1.513567089209819638e+00
-1.066690980412126510e+00
1.690627290539800143e+01
1.078705927612151605e+01
-1.039330712628736553e-01
-8.403203230082439967e-01
-1.606254081347789686e+00
1.180337618880178674e+01
1.112188767664015643e+01
-1.423310895216959970e+00
1.984657122856369327e+01
3.742250724170125054e+00
-4.659393082855554979e+00
-7.163999935135685337e-01
-1.008245621745786469e+00
1.076873471391691872e+01
-1.490847167922896954e+00
-3.730633212786010899e-01
-1.232991390667691700e+00
1.070405645699913499e+01
-3.246519168339856432e-02
-5.778263220521058230e-01
-1.489175592545929794e+00
2.558116266537607331e+01
7.670557376221617041e+00
1.181412397626293398e+01
-5.043627432217119289e-01
1.871904088470956040e+01
8.715402787059066014e+00
-1.138466377716829570e+00
6.728165108233636005e+00
5.022103119290093787e+00
1.989538709251504045e+01
-1.886674285986780442e+00
2.195179073618674259e+00
7.713586015815613095e+00
9.794144460382604223e+00
9.620856997260506915e+00
1.031413321138295913e+01
9.415616633520203393e+00
1.706069615503665204e+01
1.573448188438738882e+01
-1.660519970238522935e+00
-1.140808650815207947e+01
-1.111856315130859363e+00
-1.867727912750379859e+00
-8.000399061248726351e-01
-1.510880755130220132e+00
6.665916410615137622e+00
1.224139354862053430e+01
-2.134598200874419094e-01
2.221617369943263398e+01
-1.306150470222300353e-02
-7.338046312036161645e-01
-1.205127811441078167e+00
9.475801093195331148e+00
-9.976467504687720478e-01
-9.352146435482675546e-01
1.138999121596323683e+01
2.659108605947254489e+01
-1.863576821489255630e+00
2.089214886178729458e+01
-9.463113723164551239e-01
1.128662854018462269e+01
-1.435273334823518709e+00
-2.380889040397045520e+00
-1.113649709432235069e+00
6.515565088454016163e+00
-4.267947479270619127e+00
1.980467572304394253e+01
4.118280246657253230e+00
1.121854343318929459e+01
-1.272590417574308130e+00
-3.448025031778454874e+00
4.037596685109329009e+00
-1.618626711546133912e+00
1.450164055221336623e+00
-1.545750854913526062e+01
-1.176264105610538513e+00
-1.624094542968708144e-01
-1.737699742224558142e+00
-1.114357036168788673e+00
1.619822569371934406e+01
2.816455832411224236e+01
8.437501676260524164e+00
5.843034206170409917e+00
1.901628374122725162e+01
-1.549839346005246643e+00
-1.328025166060956996e+00
-7.882147309751339481e-01
-3.145160942611059163e+00
-1.083939967986170538e+00
-1.773036189315045918e+00
1.419567885240893368e+01
-1.136069833739108859e+00
2.155509609654686543e+01
-2.039759261098788024e+00
-1.581029299664884924e+00
-1.782895866267238505e+00
2.097122443999640140e+01
2.370396526440440255e+01
-2.055562088697621137e-02
-1.619688358516983007e-01
-6.017110162729686351e-01
-1.490620844837102554e+00
-1.926634572514147159e+00
-1.786136008554810584e+00
1.037728614434421281e+01
1.026589652626097582e+01
2.881897350735223995e+01
1.019423788033096656e+01
1.223442488540424833e+01
4.974380394327678978e+00
1.106635839561643131e+01
-1.319595505417411330e+00
5.897242811915190508e+00
1.482109141164625576e+01
-9.173380783108766590e-01
2.844378409587278256e+01
5.991998152377029818e+00
1.182794568785593725e+01
-1.305121008713283404e+00
8.111732608008301426e+00
-2.529776009901504086e+00
1.228820914789728747e+01
-1.656990879798145855e+00
-1.133872845896176096e-01
-7.117848255231500332e-01
1.570881289760992061e+01
-2.549752828527368509e-02
-1.192492315675931724e+00
1.341857141006254572e+01
6.070619654913595120e+00
7.432738188085532549e+00
7.841831017094650136e+00
1.172098206599689973e+01
-5.102988006925955888e-01
-1.417403913159698825e-01
-1.022174246970534606e+00
-5.131207271197296693e-01
-2.501137834545739125e-01
-1.027326081526598878e-01
-1.566875291447294427e-01
2.828206254428136646e+01
-1.694574624187761946e+00
-4.226696346388016945e-01
5.997303275742184248e+00
2.608520682975566629e+01
-1.239796437642738836e+00
1.660003967535626046e+01
1.597617674948206279e+01
-1.094399917562692282e-01
1.073776486689336451e+01
8.433539616308523890e+00
-1.299327068303178123e+00
1.031801773582981774e+01
-2.773046691134302133e-01
-1.501931080493831838e-01
-4.885201677506540108e+00
-7.190782819211675170e-01
-2.136478320510419859e-01
1.367613214157944057e+01
1.267334226635030703e+01
7.167743895025820322e+00
8.082525825177009793e+00
-1.443107967030922145e-01
1.322752211705216041e+01
1.714985027085744207e+01
2.087686567760123069e+01
-6.361676526952340094e-01
3.053847787365048916e+00
-1.252643516709522231e+00
5.160856511772067279e+00
1.271891195165594723e+01
3.036669986202759119e+01
-1.933719061244628445e+00
-7.543838783741421139e-01
-1.423742926450551005e+00
1.017437154452005288e+01
5.971993522608316063e+00
1.320836783691900607e+01
6.939508610931618193e+00
-1.403910849413058659e-01
2.162982771954564853e+01
-1.510590343934474777e-01
-4.691510644012494291e-01
-6.129410313384315856e-01
-2.138178720522881271e+00
-3.545133807409305282e-01
1.655186858053092536e+01
1.038245259337801407e+01
2.119411426628351691e+00
-4.269299131080904530e+00
-1.323723098152977729e+00
1.131108138386788298e+01
-1.812497196685728174e+00
-1.245104837135403431e+00
2.252621121680323668e+01
-1.642434220037694903e+00
2.427124332078086510e+01
-7.720822662293922445e-01
3.803702670078578763e+00
1.097418047084882531e+01
-1.765147399433451891e+00
-7.896768857021064791e-01
8.371978717492023492e+00
-2.366118210066939787e-01
2.214110861720739010e+01
-1.521693406888455780e-01
6.501153357953789680e+00
-1.471772430958183886e+00
1.156197522486998430e+01
8.309252760257681558e+00
-2.436954693732508170e-01
7.477678721111992388e+00
-1.495728024240670528e+00
-1.317774115728795659e+00
1.162833970189568689e+01
-1.608225399223223828e+00
7.155126897534252350e+00
-6.275047360216789993e-01
7.277859445947704842e+00
7.291929143132912294e+00
-1.824991820464570758e+00
-2.090643283815771358e+00
-3.461999369877132970e+00
-7.934797945091542903e-02
6.587181173354755614e+00
1.842276177222210265e+01
1.877606466891099757e+01
-7.922274882282090980e-01
1.221957332167227150e+01
-1.039758627230471300e+00
-5.656643410192353505e-01
2.641872671902677183e+01
8.031853077618301029e+00
6.283951264653447666e+00
1.019852552120508449e+01
1.282020931468622038e+01
9.039687904392074813e+00
4.454209872437062678e+00
1.163871212659353205e+01
1.187670108609055752e+00
2.633137563733293884e+00
7.476003337844190355e+00
-1.476851672669075022e+00
-8.633480962819723992e-01
-4.961480650825395022e-01
1.197047826987192387e+01
-1.542518015043636392e+00
5.644172874928875316e+00
2.021663767244444188e+01
-7.883558352196025076e-01
-3.945607470511498072e+00
1.938919873921627612e+01
-1.464255240623175469e+00
-3.952560031777153426e+00
-1.674997677021736742e+00
6.833315408207313979e+00
-1.267560434486753596e-01
-1.265448894001296232e+00
2.479785948473991652e+01
2.172604213153514863e+01
7.020145020451846740e+00
3.122674823211832873e+00
-5.180933117510612140e-01
1.569097996076670398e+01
5.055318800562666581e+00
-9.587606459785855684e-01
2.040746329426769989e+01
-2.296741960784010494e+00
-3.704487278861746447e+00
-1.930337524187364151e+00
-2.108179813488289867e+00
-1.857885519536394137e+00
-9.552736801179275705e-01
1.348306744092287168e+01
-1.817061372711059386e+00
-4.685575371561992775e+00
1.574826403173887002e+01
-1.008028105590912604e+00
-6.157490958025674255e-02
-1.877593254041258986e+00
4.877633993133026813e+00
2.390596280505194215e+01
2.094591978500791285e+01
1.871997329839999891e+00
-1.333650353294901336e+00
-1.163118019467119346e+00
1.784747052770741504e+01
6.642490029732423196e+00
3.692205328674761589e+00
6.467399431355193018e-01
7.580544486363598011e+00
-3.331354274252638081e-01
1.027793059328542746e+01
6.131857170535358392e+00
-1.059384679406740748e+00
3.929994310024863768e+00
-1.846997824761860585e+00
-1.495075555788462296e+00
9.187003745288642165e+00
6.378387239002090148e+00
-5.360812885553669638e-01
8.774441389224575616e+00
-2.018660404042941003e+00
7.414538920609777151e+00
1.191000219332369170e+01
-1.155414501517760262e-01
2.137807933323095000e+01
6.393779220012732800e+00
1.451852750305992146e+01
-1.381334105359253828e+00
1.204120313408221321e+01
7.896640435855770690e+00
6.429268384753968668e+00
-1.495947100996842583e+00
2.042235758229942277e+01
4.551306271096800415e+00
-1.981815995788858586e+00
1.148010885717381946e+01
-1.473216575237788595e+00
8.100169133245234576e+00
5.852996830542060103e+00
1.060523745066097945e+01
8.925027154273777796e+00
8.543407424460580657e+00
9.629384961798734821e+00
-3.442652996517578057e+00
-1.930091751494412922e+00
7.811543858481483582e+00
7.510870595355486401e+00
-1.310212541689923516e+00
-1.066337567207218617e+00
1.277530925733243983e+01
-1.711774992908656756e-01
1.599016111493814662e+01
1.532933068456248016e+01
6.880241765416285737e+00
-1.344362771357502373e-01
1.604046011148053097e+01
5.921648348359381586e+00
-1.841538428997710364e+00
-4.400605295997290778e-01
6.780456397936204027e+00
1.372264778667226182e+00
2.201152348006693416e+01
9.963336157531943016e+00
-2.281135837090019880e+00
-5.113970870534901181e+00
1.727330874310627706e+01
-5.313147645775661010e-01
-1.718484865286621810e+00
5.750883246904146873e+00
-1.125910114045620469e+00
1.016493906707525596e+01
-1.467674861955120091e+00
-9.227459510066031712e-01
-9.735328624072083770e-01
-1.113922360398753586e-01
1.484958805620023270e+01
2.069856333672916193e+01
-2.243809891257162015e+00
8.734332912787607484e+00
1.081394278556386013e+01
-4.783444642855266826e-02
1.499375808845091695e+00
-7.307029268799323241e+00
-7.433736950381588660e-01
-3.094152084738518438e-01
2.406042661884011125e+01
-9.237053745142203010e-01
8.081401717228548165e+00
-1.171806693349093376e+00
-6.980501684721274192e-01
1.083845541363100295e+01
-3.554442963387890453e-01
-1.549346366926967589e+00
6.891953418587020153e+00
-4.234347929480170691e+00
1.319910476475539340e+01
2.193505041240599240e+01
-1.400968182759397829e+00
9.828566425966146269e+00
9.468787815032090549e+00
-2.135221593213666225e+00
-1.709249675848511396e+00
2.287653512162173541e+01
-8.596477598237382001e-01
1.909616693455698311e+01
-2.012279028032987860e+00
-9.199426953377670690e-02
-2.495818068137496404e-01
-1.510442589505535782e+00
7.720994643486131181e+00
-1.328979748402185912e+00
5.510803036099266805e+00
-5.058222383919352083e+00
-5.310323487252938124e-02
-3.230077159814692678e-01
-1.356156409599029544e+01
1.593348185000365191e+01
2.395317614327053590e+01
1.032834865958347237e+01
-1.700761408765335991e+00
1.038436774403438534e+01
9.429578277733048353e+00
-1.988162234495489455e+00
-1.739205399718277034e+00
-1.460896261179917222e+00
-1.665769040698173775e+00
-1.120522609474952525e+00
-1.466781138618922453e+00
-5.845025424821558291e-01
6.997367421426450740e+00
-5.547509770074245949e-01
2.186096156573188765e+01
-1.850063561136790158e+00
2.880583056045608714e+01
-1.714008868032377064e+00
-3.461676289258003858e-01
-7.166115311639067453e-01
-1.879696666252192783e+00
1.091610606722926136e+01
1.282537403488457528e+01
1.313206650638901607e+01
4.701413993343257047e+00
6.479552835835725055e+00
-2.080905805527292429e+00
-7.148735960670313805e-01
-1.116272938410000970e+00
-1.991190984449260792e+00
-1.495046612240289896e+00
6.829708376298535555e+00
1.029700160435984380e+01
1.652786902912934153e+01
-1.472559251155389548e+00
-9.955407741461650417e-01
-1.623398436773318521e+00
-9.735944285881081850e-02
-1.039468112649115206e+00
-2.299968348069752366e+00
-1.675845143917481739e+00
1.022506350010615250e+01
-1.924488626441317907e+00
-1.139246871496126357e+00
-7.084242236692028793e-01
1.812741056538862860e+00
-5.880860206101017340e+00
-4.388068134411476917e-01
6.347466191874159058e+00
7.664770730851206082e+00
-6.820570122206873753e-01
-5.392200108017193294e-01
-1.889002465701768108e+00
2.762956214390202447e+01
7.445101399658389241e+00
-6.304350153828988113e-01
-6.552185504836748331e-01
-7.258653234015671751e-02
1.780789722060488245e+01
-1.207952833176236362e+00
1.856445960840547826e+01
-1.159219893563301129e+00
-3.184614646839546204e+00
-7.630856722418739579e-01
4.177106441787399760e+00
-3.230776391991584617e+00
1.950977865865464267e+01
6.864774167535542482e+00
-1.773111138354920513e+00
-1.731410219116827465e+00
-7.174692607882088291e-02
-1.479885261873823632e+00
-3.976808944280750824e-01
-3.204106727684898459e+00
8.749787391679452853e+00
-1.083823755299363034e+00
-1.080039774084763371e+00
-1.668750434415066097e+00
-1.176060578313849803e+00
5.992471713211785733e+00
-1.605331494036470019e+00
1.071783768681087423e+01
1.034197601965922964e+01
-1.649573638572343848e+00
-1.315671931865857180e+00
-1.797084227407394597e+00
-1.326604336920228944e+00
2.728116277782774546e+00
-4.481058471948216493e+00
-1.443303449897222812e+00
2.774927207780897831e+01
1.336399016507578885e+01
-1.248299185142019985e+00
1.512191537572479305e+01
1.389902381846888169e+01
1.680144355897454034e+01
-2.299102954686315314e+00
1.593816427248465750e+01
1.982662034731955458e+01
6.756215019152297607e+00
-1.803651758858674015e+00
1.241286574538602849e+01
-8.452908373736216507e-01
-3.882919272074731865e-01
-1.127209952312179242e-01
-1.874892118215301551e+00
-1.544134202974238868e+00
8.134219930597806680e+00
-1.827163155928266169e+00
-1.435114418850932383e+00
8.683554448145748950e+00
-1.573562859429944227e+00
1.692179316824017832e+01
1.578921925453153996e+01
-1.282669515553597872e+00
-1.421513145080363083e+00
1.338839620057082946e+01
1.012729880743343003e+01
1.197551929751630340e+01
6.788934445588891364e+00
1.574184085842597547e+01
2.153023847780805244e+00
-1.334082331335104143e+01
1.187718849954792688e+01
-1.619515547766048558e+00
8.055703636093829445e+00
-1.239708882769539056e+00
9.695844728956252823e+00
5.101153625932578706e+00
-2.709391720515081925e+00
-8.675799483691798430e-02
4.098691599967632548e+00
-3.744785269971886876e+00
-5.804773995058880587e-01
-7.098624231727987954e-01
-6.473780271221207805e-02
2.966664599016938908e+01
-3.143130364155644063e-01
-5.457964225733842323e-01
-1.768034303193346757e+00
6.463102691898073182e+00
-6.272487600909772976e-01
-4.210552328756113738e+00
6.925133220110378574e+00
-8.892427119920991441e-01
5.051148881018037606e+00
1.747301840396831452e+01
1.014057732749811080e+01
1.926975836732128755e+01
-1.489311433915374572e-01
-7.906890648099302865e-01
1.140934201786601321e+01
-1.058190283674076637e+00
4.433826227836078715e+00
6.539180773933922275e+00
1.619256932268767102e+01
-1.183515602601709293e+00
-2.024422562655027846e+00
6.478487871608517246e+00
-2.389205279251117586e-01
1.845828009271663461e+01
7.856313780379405642e+00
8.630728241590887251e+00
-1.838893371108669017e+00
-1.383269468082082065e+00
-4.036964657041275828e+00
-3.092729904493028981e-01
-8.889364624999870346e-01
2.790661343048649456e+01
-5.234100403807456781e-01
-1.515083978426263078e+00
2.859088328835571957e+00
2.304527248889521829e+01
-9.476555518867018080e-01
1.169895358209553038e+01
7.542016118962176385e+00
-1.682831562959204108e+00
7.308928873949151139e+00
1.163239602716098275e+01
8.532672339383463367e+00
1.358990879073938451e+01
-1.649962271305868589e+00
-6.518373889167161650e-01
5.403986100373979085e+00
-1.657227326506989940e+01
8.581789084154983982e+00
1.413051902456517439e+01
-1.533224436192905715e+00
8.122813939143462392e+00
-1.358645791151094295e+00
5.893087109245712440e+00
1.305857030291570631e+01
-6.462741792025479270e-01
-3.390799269172795061e-01
-4.844462052704359145e+00
-2.091729185714727102e+00
-1.554317514200564410e-01
7.802683804358247599e+00
1.875642433254514785e+01
-1.708454175283633969e+00
-1.218712538471056872e+00
-8.251948829310196132e-01
1.129623012850664487e+01
-3.993786477848922933e-01
-9.525110753825380971e-01
1.332103556392483235e+01
1.095573960834894578e+01
-2.809345180124414587e-01
8.379343670377545905e+00
1.044597941496101789e+01
-5.526637814891349754e-01
-1.840159471590359530e+00
7.900476404945139919e+00
-2.929511645546606369e-01
-5.606174769017449044e-01
9.248722032199724552e+00
-1.022623265531370951e+00
-7.260318999595194445e-02
-1.304406021341793398e+00
-1.462314898510885364e+00
6.087436484603712117e+00
6.663197166432334839e+00
-2.117482650550683410e+00
-5.133636447391209945e-02
1.817813364224873141e+01
1.916118918001527760e+01
9.336866038772109633e+00
-2.548057370944920019e-03
-1.479465237684536971e+00
1.370375656500103645e+01
-1.341641365939260311e+00
2.019076094308238112e+01
6.291775977609029624e+00
-1.447983978653628157e+00
2.653321945718044361e+01
5.690331927865109662e+00
-2.666038290219790996e-01
-1.023399233723517820e+00
1.289871913477134058e+01
-5.665793910628775798e-01
2.120316125132087226e+00
-2.689567128218087078e+00
-1.106072240650960659e+00
-1.020270433018926948e+00
1.083588100133336951e+01
3.642577868198856983e+00
-5.426449208001532298e+00
-2.011978247330301173e+00
4.521412110646052973e+00
9.591224169441389336e+00
7.046688848574030217e+00
-1.223614699421156971e+00
-1.774088138435526263e+00
8.342737395520954280e+00
-1.240631601560350017e+00
1.579083145794486853e+01
1.274130360783915350e+01
-5.271070453597419547e-01
1.667156520378890860e+01
1.219952626198355183e+01
-1.238341494775862417e+00
8.425701511147781986e+00
6.479675080490910233e+00
-9.053060467013205326e-01
9.487067383077761207e+00
7.416810588795926584e+00
-1.630331649453925502e+00
-1.492976513201705435e+00
-4.582015354978008936e+00
-6.881735263210890796e-01
-4.845664222498885287e+00
7.425721957350777558e+00
3.704805484985468134e+00
6.912288624738337717e+00
-2.459864555342788250e+00
1.036143034747572678e+01
1.709712736373659681e+01
1.699697334222602763e+01
2.830596758549050129e+00
-1.728192645487894197e+00
-1.283410660397203529e+00
8.795078767695494903e+00
-1.258423089915034376e+00
6.320434075331403889e+00
-1.827383070333763460e+00
2.240121604869711902e+01
-1.199954122673488444e+00
6.301254194079883852e+00
-6.167781285130863544e+00
-1.386300912795395135e-01
-9.316946742961106365e-01
-1.766683089027886844e+00
-3.341746322832639393e-02
-1.557275269825976638e+00
-7.499359729633592320e-02
-1.673795754102380240e+00
-5.457335967525545062e-01
1.558468573266584301e+01
-1.288667897617323810e+00
-3.469950936246638307e+00
8.118523020515134192e+00
9.822534218449989751e+00
-2.929304342265242056e-01
-1.011632109060375040e+00
1.452324700624944676e+01
1.052791764824880971e+01
6.207637865041656156e+00
-2.437586818617780704e-01
5.086052344414283333e+00
-3.799069766708150553e+00
-4.408556954989411025e-01
-2.013815500748946441e+00
-1.945175105771874469e+00
-2.556102952131905637e-04
-6.559621836057638156e+00
-9.056466684613777574e-01
-1.669010388005064960e-01
-1.847014713820675169e+00
1.792755690778530209e+01
-1.599309214298363924e-03
6.306337598076852125e+00
-8.476418729953469899e-01
-2.011367454550803124e-01
2.287493574416694386e+01
-2.373163545323220269e-02
-8.435268136483570212e-02
-1.776896964556188063e+00
2.270017681825880018e+01
1.207954915869953183e+01
1.558299696436480275e+01
4.391231485252332867e+00
-9.829840552724328218e-01
-4.463664705497408791e-01
6.290466292843064799e+00
-1.887289183727285824e+00
6.482384776936011228e+00
1.414665158890291785e+01
-2.623045985652008860e-03
-3.345838362756941020e-01
5.801216859602912557e+00
-8.736357077044515362e-02
1.140174705799245913e+01
-7.759891088675110460e-01
9.296922727288592370e+00
-7.826630825454520268e-01
-4.679924921366660051e+00
-1.154129922578297718e+00
8.429845607514977246e+00
-6.897848326578375211e-01
-7.521101878443421374e-01
-1.527172961633002757e+00
-2.071921060198884668e+00
-1.727928303104829588e+00
-1.185392556939406150e+00
1.284131463226305847e+01
8.324514443754306825e+00
-3.243565905528218440e-01
-9.917481655386242156e-01
-1.390303641235860921e+00
-9.790611463125939995e-01
-1.726716709790802051e+00
7.210913933539964127e+00
-6.169967404652645371e-01
-7.590175189519305921e-01
-6.743677680050604861e-01
-1.481762446015242762e+00
-6.012133751658779168e-01
-1.614712228337179978e+00
9.146343505557506859e+00
-1.458664662670282830e+00
-1.377169739773631552e-01
-8.739885287058763996e-01
1.947140459427832937e+01
8.659008818197976964e+00
6.448148454082486936e+00
-4.239662522487253504e+00
1.684079935152970720e+01
-1.973535622161727954e+00
-4.500888440680376412e+00
1.178236501734021502e+01
-1.705986895259693270e+00
-1.440392152443585871e+00
-1.009652009544504292e+00
-1.476770951472015536e+00
-6.153861915098055579e-01
2.236168157498970999e+01
-1.737512295994529277e+00
-3.292932508310981721e-01
7.011278460255193856e+00
1.161583474177944275e+01
6.711898816347008356e+00
1.093001802702757175e+01
-3.970378872392793523e-01
-1.702992594678228055e+00
-1.191057855271296262e+00
-1.439942414529660653e+00
-2.379339832653393216e-02
1.567004852426620509e+01
1.395232865882132600e+01
6.043632981430251405e+00
-1.316629901656870105e+00
-4.439609088941805837e+00
1.829822089600600421e+01
8.435642810883388520e+00
-1.179978023110298979e+00
-2.250700959681330438e-01
2.360379947211490048e+01
1.553367678968341536e+01
-1.325000506497930441e+00
-6.315307779392298482e-02
-8.417912109666764175e-02
1.531992924666310074e+01
6.951757442656111508e+00
9.524831522775230042e+00
2.765856716170059570e+00
7.159430124181562327e+00
-1.701097754163870324e+00
-1.917874862739136432e+00
-1.780994102442236660e+00
2.668658807545469358e+01
8.975920429462000527e+00
6.147400997478708717e+00
5.254209227920471292e+00
-1.414492346585214166e+00
6.081468472713563500e+00
8.900716296328662125e+00
-5.819043041184540632e-02
-1.317519971459775840e+00
-1.366447008213619974e+00
7.552458547314543580e+00
-6.530100827491693849e-01
-8.657616782310946224e-01
-1.490252923196629109e-02
4.519105495788625859e+00
2.497038593773544690e+01
6.851704920731660486e+00
1.512570176376684827e+01
8.876495309056528171e+00
-3.201229821251034835e-01
-1.825446533681607253e+00
-2.111349693828430851e+00
1.792613755993238200e+01
-9.977962549221284227e-01
-3.743356876915113318e+00
8.603200334870038546e+00
-6.431082460860781946e-01
1.105925386461793458e+01
-1.272920533665770515e+00
-4.913154830399103501e-01
7.640858874597877382e+00
-8.692499403832787408e-01
1.415480967128615930e+01
-7.319370155398963185e-03
-8.160029083233444336e-01
-6.407818103676433452e+00
7.532526961267331345e+00
-1.777917923471071138e+00
-1.671134350970810534e+00
-1.649393991999141162e+00
1.412763095049126072e+01
-1.341883066781400791e+00
9.461096824396509675e+00
6.968490163737143028e+00
-2.137088865421150619e-01
7.809134161682582231e+00
1.693840355900064054e+01
-8.759707972728136838e-01
-1.200729108663071587e+00
-3.702774239794173639e+00
-8.214742540574293539e-01
5.142405204613911707e+00
1.379394593602745189e+01
6.700233270885426862e+00
1.317439288265616781e+01
-1.368973873861713209e+00
-4.858386509520955521e-01
2.559999951447359834e+01
1.748614211758284753e+01
1.022967368504456687e+01
9.492616083606572275e+00
6.628734643238537672e+00
-4.792105099674603963e+00
2.335361224983875417e+01
-8.666035402332882276e-01
-2.359751853393604604e-02
-1.719228406198642922e-01
-1.708188122111032436e+00
-1.036531662395961728e+00
2.304432808316640546e+01
-1.930669558564415578e+00
-2.608487065546576389e+00
6.409242113814588748e+00
-1.722213485115199783e+00
-1.721797416461640751e+00
-7.534194860193317300e-01
-1.604069151699314633e+00
1.267606892305256849e+01
-5.868013622653192041e-01
1.129454946289336803e+01
-2.057395421974240191e-01
-2.114773116686011534e+00
1.325808629632436286e+01
-1.893623234609856265e+00
3.231869209004437948e+01
-7.087577526296382491e-01
-2.154726122637543373e+00
-1.118515931550242426e+00
-4.385996297595822213e+00
-2.307721041234955806e-01
-4.455270661003403632e+00
1.010016888284007130e+01
-4.102661006045554837e-01
1.684814870188209568e+01
1.516461119451106399e+01
6.258834395257493632e+00
1.364871007667845682e+01
-1.360419559348182150e-01
-1.583079561368457844e+00
1.752022111762758882e+01
1.006816022248553999e+01
1.872882857153920355e+01
-1.588963111304741549e+00
6.503782504635892359e+00
1.691966679963885412e+01
-2.215661249541176048e+00
-1.899732754908627141e+00
-1.559198516666060907e+00
2.150576967053549993e+01
-1.187111497250548320e+00
-1.002776564199505449e+00
1.159001905448513448e+01
-2.737465764054191064e-01
-1.225011964909048512e+00
1.171335819605777750e+01
1.292689753549512055e+01
-1.438516039648287004e+00
-2.650760240355776176e-02
2.136053931475302647e+01
2.475957181084756709e+00
1.294400024459865151e+01
-8.322585915097047149e-04
-1.736637540271634972e-02
7.546231721340027399e+00
-1.071529855220346161e-02
8.753132769689019099e+00
-4.610973487842521479e+00
-2.932710382050626730e-02
-7.882349757274016433e-01
-1.863818566179727299e+01
-2.027434881604904149e+00
-2.518794599079664520e-01
-1.141101815610429115e-01
1.866917128200526932e+01
3.049850962500798790e+00
1.003540904853637272e+01
-1.506263422510614625e+00
-1.134275481038825140e+00
1.957149494045631499e+01
-1.441355439434331975e+00
1.144957101963787949e+01
1.323200958107902814e+01
2.438714740771954226e+01
1.209473154969375663e+01
9.187070798905081048e+00
1.109349294240564987e+01
1.164453152825822002e+01
9.285849818155348601e+00
-2.004236364218651811e+00
6.668412860550558818e+00
1.743394276913022622e+01
8.488352094829334504e+00
1.959741447665420111e+01
9.775855637031471090e+00
-1.018258222896945009e-01
8.687262461702697891e+00
-7.380920861222677321e-01
-5.602067199184063151e-02
-1.792537793167861215e+00
-1.742302036413440058e-01
-3.223283048064032208e+00
1.147347975000094600e+01
-1.036926602366403216e+00
-4.289458026145621661e-01
-1.955206619802994372e-01
1.359424467052380514e+01
-1.401277075549735684e+00
5.691449804368947873e+00
-1.168470149067691644e+00
-3.602363907210559546e-01
8.579271814809557029e+00
9.804984278585937574e+00
-8.477135116488981881e-01
-1.005268963834572871e+00
7.351880911659350204e+00
6.895422045429967284e+00
4.400241328530735352e+00
-2.643689572270099819e-02
-5.163208348815104820e-01
7.943790791284189190e+00
6.827893659477646260e+00
-6.369407441966357108e-01
1.705202265081091184e+01
-3.123363091578938988e-01
-6.931551120398788957e-01
-1.877620132354228533e-01
-2.027849332764333212e+00
2.102934850601760886e+01
-1.960131660184985858e+00
4.414939899733398398e+00
-9.848748150858186445e-01
-4.254335433678331224e-01
-1.206575538156886562e+00
-1.237598113927525834e+00
9.450323176537740011e+00
1.102352177365948194e+01
-7.107005387726821333e-01
7.159382454273125695e+00
-1.242354701243893356e+00
8.770825169838243340e+00
-4.846343919487032359e+00
1.100823796155357570e+01
-1.860925960264171897e+00
-1.745640545295745305e+00
2.600899774564707911e+01
-1.931375298878832192e+00
5.809394847382988836e+00
-4.987846366865170467e+00
7.931745581647388299e+00
-3.418876065565989997e+00
-1.101087182863431213e+00
-9.516715593574374132e-01
6.515949975609921729e+00
-4.151924281024148122e+00
-5.048388156099707924e-01
-1.343713460043189034e+00
1.583657781933109021e+01
-7.594727179796112448e-01
-1.557452658492614272e+00
-1.383010585803143844e-01
-5.333520864581170473e-02
6.244814161687700427e+00
-1.399559008889345701e+00
1.054875150886706514e+01
1.176029895550036208e+01
1.783568313401140770e+01
-6.235477029092739709e-01
1.572827932616106672e+01
-1.597254889977299142e+00
-1.691583199387821201e+00
-1.370984473604866416e+00
-1.401803687500146278e+00
-1.239427806131450982e+00
4.322113657313967572e+00
-7.595318659780940784e-01
-5.997040236760320386e-01
-1.426214392958709443e+00
-9.658111223059092643e-01
-6.238613640153896078e-01
7.264918675763752276e+00
2.420443832711224985e+01
1.254664611201442703e+01
-9.476123706437671323e-01
2.345105374707947021e+01
-1.528304354647899377e+00
-1.073233813942183978e+00
-5.578796992882051331e-02
8.971821468810453837e+00
-1.867650130502668260e+00
-3.437860070560151193e+00
1.284455359858858969e+01
-7.713663042628005062e-01
2.032567602839307241e+01
-2.673883570378292607e-01
-2.008120599489325642e+00
6.513161969252104555e+00
-4.513410928274657063e-01
-1.709220839325639729e-02
-1.922266988017382383e+00
1.928262355599365208e+01
3.167828752917239754e+00
-9.788517141602429694e-01
1.037260054188670466e+01
-1.411710602324643515e+00
-3.820360162176749341e+00
7.697929064415558464e+00
-1.428471483948615894e+00
-3.649881647260176720e+00
1.761470796012542905e+01
2.837470124140938577e+00
-1.544467516570796395e+00
9.562987968572029374e+00
-3.228635146204736350e-02
-7.454996264910713766e-01
1.508385562468151342e+01
-4.231665341182938578e-02
-3.165514438276173070e+00
5.516884767669103518e+00
-1.218451602673933154e+00
3.044138153035193639e+01
-2.064554377087254311e-01
1.965510800738552177e+01
8.785652817707219953e+00
1.798925163802074678e+01
-1.536230262795080126e+00
-3.974743989987945536e-01
-2.312936699883000990e+00
2.192051201258289694e+01
7.428528743493569841e+00
1.170405822371118809e+01
-1.419225059563214097e+00
1.996590304429371443e+01
-6.697249271861867026e-01
1.675110634790980058e+01
1.704583391093668965e+01
2.022026478473569355e+01
1.338224803610878766e+01
1.257899168874370588e+01
-4.970301110478672069e-01
2.656170422859830538e+01
-1.905064456672284079e+00
8.732962039073132843e+00
-1.576515130248352881e+00
1.483010726969645532e+01
-1.721475642764044300e-01
-7.044010188550580143e-01
-2.441914815849835496e-03
-1.514907984183273992e+00
-1.160050364333822914e+00
-1.282442630525270522e+00
9.819417128304605669e+00
-1.186292078536709704e+00
1.001415615493383271e+01
-5.105410087190620505e-03
-2.135737408878173760e+00
-8.067232963027046733e-01
5.526544276986947501e+00
6.136430360398749784e+00
-3.423631395462381488e-03
-1.990432892651627039e+00
1.265735757467856004e+01
-2.003384300105345517e+00
6.379687311104281555e+00
1.511682571994334801e+01
-2.347431390031111675e-01
-1.169548801648919722e+00
-2.999579006083817889e-01
-2.229210238853908121e-01
-4.681735992734044949e+00
-4.396549443763081433e-02
1.474338079199333329e+01
8.938418993648058475e+00
-2.126938835677315787e+00
-7.383334002717928390e-03
-8.021115079799545633e-02
1.748749255340451825e+01
7.239338062895344095e+00
-6.179471807367087344e-02
2.375888105743081180e+00
1.271168274069106374e+01
8.967139408225772712e+00
-1.594953903384513261e+00
-1.746088256837974972e+00
-2.053473476273199871e-01
6.455811900416968285e+00
-4.583824959136608701e-01
1.616765584627178143e+01
-9.359005450225837963e-02
1.282221287706759583e+01
-1.423223577130883655e+00
8.655727237090376391e+00
-1.251637593650058999e+00
-3.230627400797803084e-01
6.935438478485444591e+00
-1.349541674064074659e+00
-1.781949279322559532e+00
-8.329378190851892683e-01
8.591386806160922873e+00
1.108657723033841869e+01
-1.686916547747219886e+00
7.515553579093094960e+00
9.518355101446809741e+00
7.282434287231762227e+00
-2.655738061191699639e+00
-1.232876284328185967e-01
4.145955223413122503e+00
7.674791420386291918e+00
2.691447788610554781e+01
6.234427948008449683e+00
1.355157879520350228e+01
1.509376882984142654e+01
-6.294670420187793436e-01
5.941378713096631792e+00
2.063473660705675528e+01
7.121151676433045807e+00
1.380524371247011928e+01
-1.995115454038532299e+00
-9.892817286698996071e-02
-4.403127821092935434e+00
8.836056093131039901e+00
-1.031329553764958273e+00
-5.149805504277630286e-01
1.529154760142780489e+01
-1.555033505170209329e+00
9.081095025549695166e+00
4.507473661816746358e+00
-4.046240811198312803e-01
7.720116145789056361e+00
-1.791117662246154874e+00
-1.678215682977737711e+00
-8.773866707379601726e-01
1.135076822138904973e+01
6.816252123773436367e+00
-1.814805725600906694e+00
-1.659514168326098771e+00
-4.143814232079073845e-02
7.603731205070815236e+00
-1.812746725326655817e+00
1.319334159553593544e+01
7.431625020122082148e+00
3.891198139700808856e+00
-8.442086061376525841e-01
1.322063917606804218e+01
6.517887695492744271e+00
-3.380363758660574369e+00
2.393399865460574105e+01
5.065440405669311197e+00
-4.359743527426566123e-01
1.404552357581464506e+01
4.428770671772295664e+00
-1.003024349687367200e+00
1.174436259878265254e+01
-7.543165143608437928e-02
1.709266837073086265e+01
-6.693863836656692712e-01
-7.528352614537440424e+00
1.009983508898439730e+01
-2.082769442383809455e-01
2.201256987124792275e+01
1.290878466469100161e+01
8.473071347973821332e+00
1.377649235143013584e+01
1.911576750920838563e+01
1.061837490170539056e+01
1.078758802238497694e+01
2.000979465731963103e+01
1.392301925209702596e+01
-1.992159248046299735e+00
-9.644947039128972666e-01
-1.704418013050978731e+00
2.737258414154614528e+01
-7.703078759873822623e-01
-1.235658723432550454e+00
-1.744580441152759898e+00
-1.206818907556213460e+00
2.540770402981581810e+01
-1.594558576176545506e+00
2.552758516860584592e+01
9.327495132708476078e+00
-1.525568768906876205e+00
-1.485677840568244479e+00
-5.995419837915066941e-02
-9.356857041851482037e+00
1.989431929842632485e+01
-1.765682216777282765e+00
1.087492200134769682e+01
-1.616886091987250751e+00
3.385598909291919423e+00
2.454180626926399711e+01
-8.137560531169998335e-01
1.289953124357461434e+01
3.156739851814291953e+00
-1.560100003490284992e+00
8.481667091564496275e+00
6.778518582416709570e+00
2.061701878685820333e+01
1.951303410551841111e+01
7.864832707149672864e+00
9.779838601030331091e+00
-2.002363633969037160e+00
-8.684689491920776216e-01
1.215437942464781074e+01
1.032782744974983480e+01
-1.347589311356103714e+00
1.104420934201286641e+01
2.129585366421688164e+01
-8.276352519407650377e-01
-9.586979952925978044e-02
-1.631406956574180112e-01
-7.859283988562538958e+00
-1.786963807337909049e+00
1.140798632902782117e+01
1.089864840463604168e+01
-1.610973857804874898e+00
2.024648501029475156e+01
2.100708267253190442e+01
-1.413153108107585432e+00
-1.351763387801775962e-01
5.437008017571766771e+00
2.112474538964449167e+01
-3.741819018997981638e-01
2.460430152488054301e+00
-4.408077333989212754e+00
2.019243501697538434e+01
-7.407434418730046710e-02
-2.351831563761075827e+00
-1.058119629177699306e+00
-1.911124102750522136e+00
1.039882159528293570e+01
7.842386289447807357e+00
-1.931402845738318330e+00
-1.513729679406958573e+00
-3.543502153035813507e+00
1.602421173764070517e+01
9.791491311101177430e+00
6.456990697055852380e+00
-7.888036319613440650e-01
1.693773521022351503e+01
9.901292623822564920e+00
-1.756190396818107402e+00
-1.359533446078957097e-01
-4.713934213698271591e+00
-1.963566252252938016e+00
-7.932040069258367021e-02
-6.844697986020776836e-01
4.853789569642483315e+00
2.155189363122244117e+01
9.051820390937441729e+00
-2.611802756760189803e-01
4.464961380268450242e+00
4.765248839893303057e+00
-1.617032803774265837e+00
-8.830304287906762806e-01
1.152989356703768564e+01
-1.888482251295492187e+00
1.099170028190729020e+01
9.620801143016766588e+00
1.249115938151666683e+01
-1.654178637110004457e+00
-2.222030001352399253e+00
8.671410592986834587e+00
6.713768285501247490e+00
-2.009662805055949519e+00
1.909772089936548412e+01
1.990593278182836556e+01
-8.303971123509388264e-01
8.199061105552960527e+00
1.400038443572170976e+01
6.713353389397108018e+00
-1.656317020632610104e+00
2.199106246367666628e+01
-1.481357831706144657e+00
-1.125986708385735557e+00
-5.886287240299841184e-01
-3.784218587393322064e-01
-4.717713124339610875e-01
-1.274102845277865104e+00
-1.734336301317694673e+00
-5.790241274776269931e-01
-1.650789535608452763e+00
-1.495580763975170813e+00
5.874712562751860823e+00
-9.931696914720328229e-02
-1.254058522272613052e+00
8.512472837181274343e+00
-1.658848415706769330e+00
-2.126292616811271685e-01
5.368809456964488191e+00
-3.017742823095142413e+00
4.058934571362873278e+00
-1.558045200380796302e+00
-8.996006814431758425e-01
-1.469089290354715249e+00
-1.469992320668224384e+00
-1.040151240596955073e+00
4.131420422360402078e+00
9.057732592665686866e+00
-3.855321926918464648e-02
6.325722478360509271e+00
1.061221918107392881e+01
1.106402304055819030e+01
-7.453631536119841305e-01
2.231640989805637076e+01
7.369487000639421304e+00
1.173252916724645267e+01
-1.926183221750402907e+00
-6.066402170075591016e-03
-2.119331152685605346e+00
7.934206568861237763e+00
1.758460922471552124e+01
-1.630578548030771069e+00
-1.653288056804739226e+00
-1.533941158003784277e+00
-1.815628263231977346e+00
2.178258872622522802e+01
-3.794944745359537519e-01
-2.149396844761694680e+00
9.944652845361623861e+00
1.268238151527433999e+01
-5.689637277401240478e-01
1.933801340170287730e+01
6.489672579970384270e+00
-1.187648396824140917e+00
-1.237363305961604043e-01
3.801129469537635419e+00
-1.691926508752978231e+00
-4.430615822774798263e-01
1.335045265070490217e+01
7.179415533034723573e+00
-1.402322004014261436e-01
6.804601716810244838e+00
7.716477634633318594e+00
9.510019155382234857e+00
1.634366270058755077e+01
2.055524820454588664e+01
-9.997133663484920607e-01
4.498842544108354602e+00
-3.678984483433964670e+00
-1.302169150615297033e+00
-1.237769299534014378e+00
-1.910304601813879399e+00
1.653098856727868338e+01
1.564244859788987618e+01
-2.077033479251568338e+00
-2.552402753406326497e-01
-1.206851447550772560e+00
4.200428598477903286e+00
-1.094886293829424373e+00
1.119370345198542438e+01
-8.636454013145971054e-01
6.067197267830529483e+00
-1.541109207491548894e+00
-6.135679131592784996e-01
-1.113775634958153571e+00
6.277875530681976457e+00
-5.824984011651760385e-01
-1.151577836736547455e+00
-4.224412009565226001e+00
-6.907380760598073044e-01
-4.203965019419948490e+00
-3.835110528767776694e-02
2.476125717568152851e+01
5.003178254791922797e+00
-1.732543048277748188e+00
5.535716894316420777e+00
-5.629975679914143161e-01
-8.499529512653207775e-01
-1.614538355580438234e+00
-1.061610723276527057e-01
-1.038872881355464850e+00
-1.471778715900982526e+00
-3.548548279628542801e-01
-1.342335583318099435e+00
-3.979618056008176197e-01
7.096268883649942794e+00
-2.884165279126144732e+00
1.492861490822654424e+01
1.412408565873456823e+01
7.450604520492456473e+00
-3.062583736118504874e+00
2.831139438632543914e+01
6.766334396604728241e+00
-1.240078107637853311e+00
-9.859540223555871563e-01
-7.595260538150437890e-01
-1.515804319494042485e+00
-1.046800650212074357e+00
-1.361000445007800597e-01
-1.542850237393375235e+00
-1.496147486541696603e+00
-1.629137972641035326e+00
-2.652655067838932679e-02
-7.849498783858730455e-01
-1.022672027165660191e+00
-1.416108846670335764e+00
2.563021569166388147e+01
4.070826205142262566e+00
-8.859510785718490711e-01
1.158629320160029152e+01
5.468205094221548102e+00
6.586430858132395372e+00
9.824278364318796974e+00
-1.282916231392796647e+00
9.473095525019349594e+00
5.250287387896060309e+00
1.427492024159517392e+01
-2.009247675852402493e-01
8.333250447394160432e+00
-7.019720511913301042e-01
8.727332312772277945e+00
1.303400913761474378e+01
-1.577584462398679888e+00
-1.193153837487673563e+00
1.769173357551599324e+01
9.280133464027832346e+00
9.464985415722336981e+00
4.881186914199566296e+00
-7.951369649524347993e-02
2.246313827066102942e+00
-3.313561777841838474e+00
-9.338470042043522934e-01
-1.665464308250610159e+01
-1.216219945514685152e+00
1.380677483312661025e+01
6.218536649791279736e+00
8.610070905906033190e+00
-1.938882725742964830e+00
-1.409669468512094737e+00
-1.703781501598163439e+00
-4.550522684785525129e+00
1.105620066216280506e+01
6.609255756675135984e+00
8.612855686088625617e+00
-1.302287762383273817e+00
9.639484012605363361e+00
-6.788227623860331184e-01
-7.497504664864464985e-01
-2.009010033431293252e+00
1.341657668978799123e+01
-2.951179531540710776e-01
-1.913951611745296155e+00
-9.174193235603861352e-02
8.776950610471539349e+00
2.392574207933818897e+01
1.026577319223503082e+01
1.196706652992420317e+01
1.450425915231498664e+01
1.213546554852229953e+01
9.808203275080616734e+00
1.938983359025082720e+01
2.622233254202600961e+01
-8.849645944242385820e-01
-1.359447023170933244e-01
1.264438019639254307e+01
1.355179267466799686e+01
-1.903804872430507222e+00
-1.309175233459918930e+00
9.964407434472118297e+00
-1.676605344075947412e+00
-1.012436090063388860e+00
9.953981585882367256e+00
1.280882775044072019e+01
-1.610081453219223802e+00
4.726982290689871746e+00
1.557725206025641107e+01
2.785625686861750339e+01
6.495995316290647636e+00
1.662109461746909744e+01
-1.991531116515542710e+00
-1.968104319310028494e+00
2.170130013094334487e+01
1.588718893781166308e+01
-8.049044735775440218e-02
-1.872416089362487712e+00
6.790697322006827186e+00
-4.928716197749365424e-01
5.306542278036191718e+00
1.272683177592936943e+01
1.167144347900833345e+01
-2.159769452428277337e-01
2.009618639693765374e+01
-1.514139917282722569e+00
1.026838371572168107e+01
3.497817056798968594e+00
1.611222578032383979e+01
1.612031266486646786e+01
-1.727683563882673745e-01
1.622045111194610811e+01
1.458531811503954145e+01
5.253932976710657066e+00
9.139807220233883811e+00
-4.066545612553799094e-01
8.900828201094409309e+00
1.938724947385272301e+01
1.450094857196243581e+01
1.352714951244914765e+01
-1.589731891304867029e+00
-5.586389637854183299e-01
-1.934420371708796660e+00
3.819920545935955314e+00
6.375368528315896732e+00
5.980517268434503819e+00
-1.193709518536476999e+00
1.508998216242440726e+01
-1.811598840024346568e-01
-1.157595922797450383e+00
1.293763541078495294e+01
-1.488524694733687426e+00
-1.318141750302187942e+00
9.575888191343079114e+00
9.872346286815929517e+00
5.187988497712416880e+00
-3.582918819047092640e+00
-1.201734675294430232e-02
-1.226825840275986845e-01
-4.234041369898232654e-01
1.058328867393583295e+01
-8.130095661098054594e-01
-2.995123469691172158e-01
-4.264214592963813111e-01
7.599414938267666564e+00
6.698773821508256177e+00
-1.851948126618857771e+00
-5.111875059147759970e+00
-1.233273744403838190e+00
-2.125582181133985227e+00
6.218944369522716009e+00
-6.646327526742414449e+00
-5.767939796597973956e-01
8.628670531923933851e+00
1.432464222724022207e+01
-2.329625952559370994e+00
-1.354272090425674646e+00
-5.043445583614509786e+00
-9.093733324396041651e-02
-2.543091703185069996e-03
-3.821048011823868329e+00
2.407692114159576846e+00
-2.182550431833158111e+00
-1.601615615023182837e+00
-7.061247513700881218e-01
1.382031140940103953e+01
1.027823424587137424e+01
-9.489170535179505261e-01
1.006068725059285818e+01
8.463658552636436738e+00
-4.235521284518138363e-01
1.157400325762879945e+01
-6.730029000435910902e-01
-8.715398442282851210e-01
1.360948410397735664e+01
1.072469877786007331e+01
6.599073244116631543e+00
-9.052814992831426100e-01
-3.917393512437045366e+00
-3.611022788696547359e-01
-1.035389199285310591e+00
-1.509437348089014197e+00
-1.574371643767335405e+00
9.452150519614175295e+00
-2.176950020707669964e+00
9.366481201440739923e+00
-1.126042494396352955e+00
-1.807830052525150943e+00
-1.478024119761041644e-01
-1.402177639996112779e+00
1.418274251554879761e+01
-1.145396889634130000e+00
-1.568493382900555400e-01
2.074077840494192770e+01
-9.317524888449391085e-01
-1.399608501511456771e-02
-4.642398890456793659e-01
-3.297019686531029503e+00
1.133499697336083045e+01
-5.593032513227669256e-02
-3.292717627585041162e-01
3.907320401867239390e+00
-1.787867610993931322e+00
6.890083680518272580e+00
6.264798914552287989e+00
1.823729492174431144e+01
-1.722737415383535087e-01
9.766006548926313258e+00
9.864146092691506995e-01
-1.933920445196908311e+00
6.263924707338616393e+00
1.022540770115779729e+01
3.135358898002427619e+00
1.949234954676273901e+01
-6.830664105549499876e-02
9.003932709641597754e+00
1.899939045798626935e+01
-3.577052364769176540e-01
-7.551486946377388154e-01
1.221395965656535409e+01
-1.961871503703159991e+00
5.431700320457819586e+00
1.665173533428891517e+01
-1.321923702771578002e+00
-3.218731629399146366e-01
2.243743855513868368e+01
6.917965620146142136e+00
-1.601806629717665853e+00
-4.587519894769864770e-01
-2.107738023609102562e+00
-4.344314980176728014e+00
2.273163573625285494e+01
1.489289680309046027e+01
-8.468275322751377399e-01
1.007790540642367283e+01
-1.353136320317978258e+00
1.383455393940401201e+01
2.373487834179729461e+01
2.759818771949471738e+01
7.304381916600335423e+00
1.345551895826311473e+01
9.730023441625297309e+00
-1.509162326720922431e+00
-7.142557817503855100e-01
6.895059628406050578e+00
-1.027018729067930680e+00
-1.616786431722754358e+01
-1.408059664626587271e+00
-8.186237220064409570e-01
1.654423117900728357e+01
-1.347068449214503527e+00
-1.068416398464941519e+00
-6.681900908150288032e+00
-6.196542292043629718e-01
-1.095771268931224451e+00
8.479113128527004051e+00
2.316844143513753806e+01
1.370862250446048414e+01
-7.204272415344383784e-01
7.510875549612894275e+00
-1.254727869624971071e+00
-1.251092839512466082e+00
-6.693574220333197156e-01
-1.159496650034319343e+00
1.177198292738063756e+01
7.320782230299514026e+00
2.327483425247025650e+01
-1.094561318337011535e+00
-1.568128189116327231e+00
-6.703584200162115980e-01
-1.535763885273438323e+00
8.490042726852262689e+00
-9.415534772128328900e-01
-1.838026121190761586e+00
-1.524770177880144573e+00
1.932379172800745692e+01
1.428593512639994501e+01
-1.276439261300694961e+00
6.510890940046325959e+00
-1.110383785558780145e+00
1.265121896335172025e+01
1.088000422901106745e+01
2.035714678244184128e+01
-1.755746719781758669e+00
1.334773262614984901e+01
-1.130185168096444093e+00
6.500628383781905661e+00
8.381102072341755971e+00
-1.763987341359491534e+00
-1.382563431294874912e+00
-9.215122069414656281e-01
1.124969483758878752e+01
-1.916906149482245914e+00
-2.038741420446068986e+00
5.003061836059643497e+00
7.545173474228849209e+00
6.280663626689701573e+00
-1.672925481050206997e+00
1.178666079994865257e+01
-1.008454689738104149e-01
-1.056335492872220727e-02
7.991828455898723149e+00
-1.719928364074974958e+00
-6.274509436345783175e-01
-5.891647168503634235e-01
1.038898417600666768e+01
2.890054233027998976e+01
1.856625977113513315e+01
6.489737717743473411e+00
7.652019029289425234e+00
-3.098438650212314016e-01
-1.158899673254261797e+00
-3.858818372183947520e-01
-4.665188414878322476e+00
1.613300250055969087e+01
-1.751923229607061039e+00
-2.088240529415961166e-01
-3.692814231470508135e-01
-1.199634045255201009e+00
3.073258458258800729e+00
1.369970343330796325e+01
-4.906045650446657636e-01
-1.040230367292603209e+00
1.722778492166187903e+01
9.085802815319873105e+00
-1.223362647263015024e+00
1.023893477150356546e+01
-1.152290987406920930e+00
4.085572419311513492e+00
-1.796177474809516728e+00
-2.399761313228037096e+00
9.435214890807568366e+00
6.792469561548319490e+00
-1.787327424932396935e+00
-6.689955317972906546e-01
-1.632860270409405734e+00
6.719581189312221703e+00
-1.731456578600688578e-01
-1.401457492496877899e+00
-1.719202552029288622e+00
-1.559867396735655998e+00
7.797831555230761325e+00
1.320032840403592012e+01
-1.776572265568054698e+00
-8.279929085978177117e-02
-1.640647214055298564e+00
1.000423173299732937e+01
1.366867460759951847e+01
1.402075322551699976e+00
-9.994885865085249677e+00
8.047538501657035326e+00
-6.025179800869417956e-01
-1.542405805330388846e+00
8.635375133627839261e+00
1.299884037479646359e+01
-1.275725674765993078e+00
-8.210618601650472304e-01
1.026665846392090131e+01
-1.494147129580669198e+00
1.364415640161762511e+01
1.140617259152657148e+01
-1.436038966046583987e+00
2.709585863906476533e+01
1.821034680291306174e+01
1.715471891474977539e+01
1.584346581074995264e+00
-1.879534092290693348e+00
1.991248401447306549e+01
6.721380403762697853e+00
-1.533200867993064209e+00
1.136923760093822189e+01
-1.376843320227429723e+00
5.302236405157602306e+00
7.631197324091301581e+00
1.034647585209879139e+01
7.755462609719730338e+00
-1.330788095999798859e+00
-1.933948476483067780e-01
1.357946535713615255e+01
-3.443368908860848787e-01
-8.445836492321880939e-01
1.175336582320182366e+01
-1.873919032806342866e+00
-1.752266266101464076e+00
-1.448997588304926198e+00
1.746740453486300382e+01
-6.741814814420674651e-01
2.838203410675111016e+01
5.194259922922991102e+00
-6.895248697524265502e-01
-4.936801328240039144e-01
-2.180960071417027635e+00
1.577317845428501464e+01
-1.782692164702357474e+00
-2.124365913945573947e+00
-1.266282437692496377e+00
-1.819968367488622007e+00
8.063888054754089652e+00
-1.212852600748431486e+00
-1.010160273029364841e+00
-1.855179147330833445e+00
-8.162382216487162889e-01
2.065420643744271700e+01
1.185326644767706306e+01
1.397187780216265374e+01
-1.438388208967976700e-01
-9.536781645086865877e-01
-5.023279136111102439e+00
-5.771794479803300515e-01
6.527635124091628605e+00
2.160283081330267052e+01
-9.241885457987439878e-01
-1.614434265105118449e+00
8.803708881459165525e+00
-1.173157967183174444e+00
2.642384428236691818e+01
5.263362535683122623e+00
2.024372923442437866e+01
1.822705593476431218e+01
1.133934589271673588e+01
-9.756281718858532681e-01
-1.162818352312210424e+00
-1.075338051592316990e+00
-1.366003177383087408e+00
3.055848537765647421e+01
-1.998449326835696871e+00
9.047560124078119159e+00
-5.555921958530479543e+00
-5.816763431638247717e-01
4.288413332237142939e+00
-1.416972159823707056e+00
-3.290428100533242972e+00
-2.931522904930675688e-01
-1.688434849276127636e+01
-1.211451557705906845e+00
-1.715305413382051558e+00
-9.697106172891238884e-01
1.167932568557421646e+01
1.038234080522750702e+01
-6.966111088449769007e-01
7.793524769928515283e+00
-1.695056786097622226e+00
2.789296201708155820e+01
-7.019115795776222910e-01
1.090247429186132599e+01
-1.845689491142936400e-03
-1.802261448238215324e+00
9.672898119079453849e+00
-6.622085765524854395e-01
1.579282350717108585e+01
-5.549067599750557855e-01
1.611460866683477633e+01
6.237770946355566615e+00
1.019983808488906085e+01
-1.893920752014133457e+00
2.001664453512774777e+00
-5.093855247604625269e+00
-1.039769777039916576e+00
-1.132743861288722176e+00
6.296239944365366270e+00
2.175420835862358615e+01
-2.671209058142725024e-01
-1.490978532988961991e+00
-1.776568184368752856e+00
-1.173861986180577244e+00
2.054158946525791407e+01
2.546195542937525857e+01
-1.696423371545496384e+00
-5.346858960923205339e-01
-2.117845630803639523e+00
-5.784432905634930844e-01
5.978981735524056873e+00
-1.494761681777712514e+00
1.598266391622687088e+01
1.054091648897816746e+01
7.340104281861652424e+00
7.757183332164068190e+00
-1.796597797510562922e+00
-1.811898601995421298e+00
-3.775729466891592168e+00
-1.931490283523190854e+00
6.266554074002867125e+00
-5.670372976134825382e-01
1.117409948117128593e+01
2.356252096931918416e+01
-5.965924322616324993e-01
-1.682011775289028677e+01
5.674150175045019395e+00
-1.315863454963358992e+00
-5.811307576884022774e-02
