-3.170163192286422175e-03
4.574364977053538839e-01
2.173245328669331632e-03
5.735897172092776497e-01
1.856970147268174887e-01
1.923118196780311887e-02
-1.291979625871862714e-01
-6.347506510563631466e+00
-1.531603824347984033e-01
3.533447276038888685e-03
3.333482735535134994e-03
-8.375306487728260973e-02
-1.832035789469401432e-01
2.935301956141685986e-01
4.767995720659671477e+00
-1.434374992497044199e-01
-6.056547004129543943e+00
8.867898373828710101e-02
2.086891135924037657e-03
-3.833775560438162228e-03
7.713670766549181046e-01
7.517848489908665437e-03
-1.695988789207916389e-02
-5.233120739335118898e+00
2.051533551798563962e-02
-8.494728360202947332e-03
4.007905607642799073e-02
-5.811232918714456019e+00
1.555622723778771720e-03
-7.565893054076333613e-02
4.896202236871777802e-01
4.717303360762721022e-05
8.349119128441514267e-04
-1.811027687922151528e-03
2.988778216389301103e-03
2.653036933481795479e-01
1.197730133824890207e-02
2.173887506192354740e-02
1.426033961420317304e-02
4.236280570048037042e+00
-7.292915964924709393e-02
1.654864093588709339e-02
2.963780470282676577e-03
8.879516761792769549e-04
7.584646181268593634e-02
-3.207978802469320379e-05
9.799693939066756593e-03
6.983110286401448263e-01
-1.526884605641532291e-02
-7.688862157870208526e-03
3.030938302416954274e-03
-2.747503376812215643e-03
2.594322883063947538e-01
1.304560134747127439e-02
7.807913758923564984e+00
-6.234664138281803547e-02
-6.181054954617876997e-03
9.665792369530082362e-02
-2.923972638940791277e-04
3.623952892888362802e-03
-2.510048208243782775e-02
-2.734911149263874290e-03
-3.765068960529873582e-02
9.822517332366030585e-02
1.316713408394848683e-01
1.741326686563656259e-03
-3.842563923472969822e+00
-1.435644996410227400e-02
-3.872257529950717370e+00
3.682476244020381539e+00
-3.704129790941656369e-03
2.690323173881999617e-03
4.335371520355540097e-03
1.054444096832534046e-03
-5.425186649177770465e-02
1.126226154660746187e-01
-4.370655526305367466e+00
-1.221322543834407470e-01
1.250348039741848716e+00
-1.404635067005249871e-02
-2.549444884323502913e-01
-5.126293469208019538e+00
-1.180998458258676193e-01
-1.032524561522087277e-02
2.823250922193470047e-04
-7.404272634454134305e-02
-5.680011521380698980e+00
3.418814791560574953e-03
-7.639935090373234372e-02
3.950334892382687535e-01
3.386788034125020469e-03
-4.365976826874463229e-02
-4.793728557483527579e-04
1.077655830568015859e-02
1.219967476114534322e-01
8.988104392196798187e-02
1.162215394143019734e-04
7.206702566942114752e-01
-1.019609903329172368e-01
1.503643293196512687e-01
7.014827766435868285e-03
4.728747670726995977e-02
1.395563624645464185e-02
-1.091687965482862101e-03
1.005093946659807100e-02
6.382644332378234475e-02
1.262098688388633549e-03
-1.024603249881976680e-01
1.421649505263811782e-03
-1.245464940675583901e-02
-4.605275193294314562e+00
9.773159511930707907e-04
2.876916031527318278e-04
-1.777677828991056919e-01
1.061176387736682217e-03
1.233520041195553668e-02
1.180109037569482267e+00
1.124130116301318497e-03
1.003649175197795194e-03
4.308617619455168413e-02
-2.085094076629117471e-02
-7.734843311598905979e-02
-5.466460804741654300e+00
9.175499840578810185e-02
1.380131678728330744e-05
-7.928819639138863506e-02
-4.429147536793025426e-05
-2.379189793105963568e-01
1.549370642735795056e-01
6.243713120255534824e-04
-1.506168047234157092e-01
-3.257604525582031285e-01
-9.349793947969115872e-04
-6.900111339280992195e-04
-3.990609548226949944e-04
-1.165836852891761512e-03
1.117610524005540999e-02
9.418326132539174599e-04
6.995969490818132117e-03
1.673435108496355503e-02
5.822444425473729535e-01
-4.725286632630654182e-01
-2.152760686855030858e-01
1.723895458049909735e+00
4.102356138425546084e-02
-3.752413792331597484e-03
4.476804682012188938e-04
-3.638434490958469825e-01
-8.199941747342657031e-03
-2.619723940808790230e-01
-1.126390104464970211e-02
1.034992018073037368e-02
-2.847395153320994750e-04
1.915798997125279287e-03
8.432773540668958567e-01
-5.244600345132358760e-02
1.454777724795629570e-02
7.782372633660766814e-02
2.435026012134513737e-03
-3.029715658201979564e-05
-2.273306710698966802e-03
-8.390665890577687636e-01
8.596231296395974789e-03
8.596092760203132704e-04
-5.018687561058097213e-01
1.591180970495115199e-01
9.090559607304610364e-05
-2.047803228922429400e-02
1.457084688944596451e-03
1.606967797256746242e-03
1.357684090724775409e-03
1.140018560588910990e-02
-2.647411488271055394e-02
-1.518718927402320715e-02
-1.110488008757112011e-01
-6.716910701757797253e-02
-2.057980045462962787e-02
-1.113738426918238350e-01
9.953696387529792702e-03
-1.040792586562775800e-03
-1.022168133477706266e-03
6.537355190347269966e-04
3.726869183564959949e-03
-6.557282257753326276e-04
-2.612642819726275212e-01
6.289519976217785788e-04
-4.374672489585311297e+00
2.372988200254950129e-03
-3.159255295600877245e-04
1.291111432822695821e-03
4.975762495340717295e-02
-3.901672323649414253e-03
-8.013672658716816666e-02
-1.551254122890859989e-03
1.692642983893025274e-03
6.135829849556456717e-01
-1.200694384806046539e-01
-5.805104896458257446e-02
1.211108133581807744e-03
2.129177357776758633e-03
-2.073370518912794891e-01
-1.529965329842241650e-01
6.271154867116263804e-05
-1.068385976801571324e+00
1.863995170818962682e-02
-7.555489847069571940e-01
9.811224232755756842e-04
8.150473513857997565e-02
1.121100307258115179e-02
6.095849166335115359e-03
-4.576807704016176009e-02
9.933805235591969957e-03
1.609631795047951125e-03
2.209876945395237297e-04
2.353356921631182853e-03
2.668708419792222356e-03
1.044479616976271341e+00
2.328951287998305197e+00
-5.773938152045897887e+00
2.911414371723557940e-04
7.323998844351367055e-01
3.751785480778405457e+00
1.208114200494605443e-03
-2.084083988135479182e-01
-1.573648258292071611e-01
-1.038042130135771171e-03
9.331113209818471445e-04
-2.828934030531115099e-02
4.158547024030429640e+00
-4.997928094174381580e-02
-1.928792434932779798e-01
-8.762807193530405825e-02
7.221987283841352356e-01
-1.011019616066369142e+00
1.146083174841878820e-03
1.003906566958693474e-03
4.680396266985399796e-03
-5.237050667560571096e-03
1.359486155372077384e-02
6.258089963564387667e-03
-6.010128256870766843e-03
1.050270358611129717e+00
-3.143847556944173033e-02
-2.344225278022261157e-03
2.660616850485557072e-01
-1.853355964686513938e-05
-1.910468161872621445e-04
7.331073649863029942e-04
2.981656471835361089e-01
-3.168706523516859070e-03
2.520188327463286984e-03
-4.279492046477485268e+00
2.942585518946019829e-02
2.593090266625206440e-03
7.608169914302372883e-01
1.204216623653160071e-03
1.265001583011293729e-01
1.338120992917316661e-03
6.381729235079622482e-03
8.339906937263845757e-03
-1.313698126393479937e-01
-1.758643554511238050e-01
4.438832317051787935e-01
-3.749288365065681194e+00
-5.038179947791123325e+00
7.032384768172850013e-04
-1.667464363443106612e-01
-2.157063414800485468e+00
1.143363304413261197e-03
-7.434928676289399851e-02
9.060729601571239078e-01
-1.471345419236804331e-03
4.670203182634106998e-05
-3.967069614072586334e-03
3.916218671579498132e-05
-2.191153910367903829e-03
1.152673253501387718e+00
4.780802123375426649e-01
-3.046263522906583976e+00
4.855466540082477023e-01
-6.853652226216759569e-02
1.068406216011728999e-01
-1.545557286367925040e-02
-1.578967904695697255e-01
-3.142389276557630735e-03
1.117133738349490035e-01
-7.437334573340943777e-02
8.652117386898576512e-02
-9.820441503180395160e-02
-8.809568596947521188e-03
1.655664230958138299e-03
1.572630039411455211e-03
1.708818037430084757e+00
8.469593103655905786e-01
6.197732028527113031e-05
-1.437700929991204361e-03
1.122355768738345430e-02
1.090535876368469437e-01
2.251073791977329340e-03
-6.547763166558012238e-04
2.119530085940313224e-02
-6.793574319311050658e-02
-3.306082415734269642e+00
-1.886778994488357009e-02
7.683856280765767321e-01
-2.798958879326445714e+00
-6.759927403522686395e-02
2.774865553540106777e-02
-2.544294746435166399e+00
-4.999517358161454372e-01
4.426848740747516431e-04
7.374282030320857828e-01
2.111439204005031295e-02
3.349786109840818815e-01
1.006775492635786085e-01
2.044241253140434769e-02
-3.664639112501154143e-03
8.575257412439517279e-02
-8.775532712399427161e-04
4.582965354465380614e-02
2.847601930775598908e-03
1.188104325949057918e-02
-4.313177123746976603e-05
1.583786484529444566e-03
-1.431203945006849498e-01
-3.515227731959640778e+00
-5.013086053429806732e+00
1.272037324624625265e-02
1.310609993494405767e+00
1.060947270908789561e-03
3.207275433012809519e-04
-2.616103589136116458e-02
9.927567849822252922e-04
4.579871513912159471e-04
3.016451530322909573e-04
5.084859403943530268e-04
-1.374270558004531129e-01
1.626033616309515914e-02
5.252520545227486182e-02
3.956953608736251127e+00
-1.179042973759572843e-01
-8.847865631773321748e-02
-1.960785182787386782e+00
-9.329502150105228875e-02
-3.704555363655328420e-02
9.417948347520010977e-01
-2.424630689925344029e+00
1.811233255599020665e-03
2.931635402854421407e-03
3.250411102207215273e-04
-2.667358797018466732e-04
-5.531823188049173404e-03
-5.857966909740985884e-02
3.431657285230419602e-02
-1.092616459979368349e-01
-2.397197108639085444e-02
2.541796732186753505e-01
-4.110927613233418043e+00
1.316418984298782860e-04
1.482287533367963872e-02
-6.860896895298892323e-03
-7.814252233610881060e-01
5.094670461804418418e-03
4.875250247885792171e-02
-5.506126212836200996e-03
-6.640160126758404280e-02
1.375465953549289203e-02
-1.874061558136122851e+00
9.229648427519282494e-02
-6.865108873016889657e-02
1.155431626260178812e-01
8.319766798626622162e-01
-8.222012804739763092e-02
3.501871824871990446e-01
8.377609092303194005e-03
-1.382679001947154616e-03
4.035701073949079509e-01
2.483584921023481926e-04
4.329330169262469649e-03
6.310911268116660595e-04
-7.262224164222431510e-04
7.107205976641934979e-04
-9.160263861371012450e-02
2.163531736496678015e-02
9.064803791537070013e-04
-1.460457363391657985e-02
1.295784426796761819e-02
1.010946929375633463e-02
1.070067572821536582e-03
1.845813631995605556e-03
2.294250150404517075e-02
-1.273326588135541837e-01
-5.146298626373093689e-03
9.842247943043313727e-03
1.794211231252228200e-02
2.314618176384996943e-03
-1.325287999332659117e-01
1.585896839313290577e-03
8.813979503205865429e-01
1.040074929153285768e-03
1.004979791634019515e+00
4.301242719213218754e-05
-1.078124282416077426e-02
1.725758542938936324e-02
1.406366501579247620e-02
6.142738369188417202e+00
2.811031480326683669e-04
-4.064895023124752704e+00
-1.437986292210297057e-01
1.187753135599576432e-02
2.983376817053675842e-02
1.614493129327924936e-03
2.590163375037241034e-02
-6.794963657672931090e-02
1.620227059700672309e-02
-5.190110546208752673e+00
7.868539417125580693e-02
1.482325210767822948e-03
-1.182328706461278434e-03
1.986961535704388597e-04
1.206757740050481628e-02
-6.420323450591000070e-01
8.856692868600165094e-03
-5.950140960553231689e-02
-3.902655386366793988e-01
-1.025096663627512832e-03
4.276990792390089613e-02
9.194881936787110410e-01
-1.821300475227449756e-01
2.439559592030486446e+00
-4.266279715314758025e-01
1.772048549442791290e-02
-8.774527403309739793e-02
3.396984723911321280e-02
4.167436318376812610e-01
-4.646201018882700762e-02
-3.227011777284141680e-02
9.344321207365459056e-03
1.147374397275591068e-01
-7.013447402230790773e-02
5.478075380312302789e-02
4.696184324313159610e-03
7.107639241653476714e-02
3.113273395030630511e-02
7.199229177677750613e-01
-1.189651748510986949e-02
-1.241673580503344608e-02
4.468044594058096508e-01
5.545101698739328747e-04
1.610426375679301914e-01
1.805951532677796748e-02
9.436541568369002583e-03
7.548915684735882370e-04
-1.051035798143631558e-03
-1.429801221915906299e-03
1.067487140413131996e+01
5.550226048351230256e-03
1.909199441401255269e-03
4.756903325378970815e-02
-7.530269101537778731e-02
2.679632504030136086e+00
-7.639493797714281588e-04
1.030670866669617866e-02
-1.362932728513946076e-02
-2.451796270523955157e-02
9.774112290301204681e-04
3.102165232002216310e-04
9.307981747939189643e-03
6.746828776689168562e-03
6.871250484728039787e-01
-5.921726818740350243e-03
-1.548935927703761983e+00
-3.270313800116487774e-03
1.533982826549441444e-03
-8.485435302224792007e-04
9.785023868521632029e-02
2.547125873980805172e-02
1.108501252961550387e-01
1.640834232043382190e-01
-1.978050617175703199e-02
-1.571395861265684375e-04
4.124853334540141622e-03
6.600098399554238382e-01
1.962025633742814357e-02
-2.592409120764476604e+00
3.309209332963509304e-02
-4.590773424263440150e-01
4.196643473114098494e-02
9.331987169731057255e-03
-3.952367963366804293e+00
1.054460970017061378e-01
1.441844032904073848e-02
4.415502540520300904e-04
8.848886653299437022e-02
3.773709427490554158e-01
-1.093507537558011666e-01
9.025080903275197689e-04
2.189240662390876460e-02
1.847369326967695938e-03
-9.936011328746082241e-04
-7.463693346650283889e-02
2.149159295232029674e-04
7.388875601891466138e-02
2.767985002799190977e-02
8.455817204270115184e-01
3.524523712906579582e-03
-3.849359479695916852e-01
1.305605200978303577e-02
1.305113315653569882e-02
2.031043209871668392e-02
8.284141350967758055e-02
1.013367380492899254e-02
-1.011933004872472841e-01
8.125533894395025047e-01
1.125055714791580114e-03
-1.708353784435580058e-01
5.491520301215568445e+00
2.625990076953577113e-03
-1.366062047529641383e-03
1.383682300323081475e-02
-1.336295989382605964e-01
-2.830678957361542139e-03
3.678333210545194770e-03
5.673142616546993089e-02
-3.282101625275636869e-01
7.072638336485959770e-04
2.944877452060036906e-04
3.092798287724640716e-01
-9.230128372078420795e-06
1.423973312374813942e-02
-2.574890486109272444e-02
7.124018655688128983e-03
-2.170157677935868196e-02
-1.696375907027783056e-02
-3.389628286561391368e-03
-1.148452009611913710e-01
5.349212505009439539e-03
3.985589579816736783e-02
-7.166171437587966153e+00
1.075017062026346476e-01
7.842341678261020854e-02
7.487985142190876214e-04
-1.453840699877805313e-03
-4.544235976307043484e-02
2.007773467453581942e-04
4.155349986001731022e-06
2.600720587754059426e-02
9.793325304279544563e-04
6.054906269581999956e-01
1.494840072853226374e-03
6.327054322648975604e-02
2.079292676434620415e-02
2.329943651098046256e-04
-2.488560916737427298e-01
-8.685542333603459009e-02
-4.392491431774808719e-03
1.915133782154293252e-01
7.622941477415610123e-01
-1.299051306186774224e-02
-1.698588361128072100e+00
7.049393276019479959e-01
1.469434749278325514e-03
1.540455770458534247e-03
1.189192595409934494e+00
1.016442137807409794e-03
1.068182696129920187e-02
1.191255691683970738e-03
8.855425292813022542e-02
5.423503137695868254e-02
-1.185490993951643229e-01
-7.106622882379753404e-03
8.731422611502780151e-02
-4.361463338118349853e-01
6.944092737850714236e+00
3.666096676725246611e-02
3.836469130060150053e-03
-1.498866771353611627e-01
-4.123967871018841547e-01
-8.436743389647469909e-05
-2.984439365667702904e-03
9.138566011195424776e-01
-1.064249236777312646e-01
-8.632029691047933551e-02
6.968497852602406303e-05
1.548371808405758776e-02
5.771165415429328066e-04
1.895889346555132242e-03
4.504941801292100534e-01
-8.983001842718467411e-02
-1.641863104288954212e-01
-5.333935995548870490e-03
-2.303750955915215975e-02
7.702910158852525196e-04
-1.528043048152559202e-01
-8.923487679583761434e+00
2.157095806886605516e+00
3.409242441856370487e-01
-1.619358373577666193e-03
8.885911694212822454e-03
2.898950112494922404e-01
8.456939537433271620e-03
2.822574505204767346e-03
9.071080644053132469e-03
-4.368074436655271404e-03
-1.198823822372784703e-02
-5.285805736706769998e-04
-4.936852305474820346e-02
-7.214663633849821567e-01
6.163291874962836120e-03
7.752789514927316272e-01
-6.315434208306869128e-03
-3.273302037599863656e-02
5.044562748761207381e-03
4.657155013717912719e-03
-5.675485900059738104e-02
2.221292834919848247e-04
5.007921205592918978e-01
-5.945275877623816818e+00
-4.148566537137776677e-01
2.275508193052191430e+00
1.909545654098868228e+00
-2.861708619727072744e-03
-6.383550993869219550e-03
1.922860934603705168e-03
1.163915318076367417e-01
-1.043436303024075033e-04
1.596268607199359448e-03
9.854866211476893609e-03
5.697594847552680530e-01
1.350697754102198750e-03
1.428168117898966690e-03
7.646649393092948277e-02
8.267775840311724928e-04
1.711272694674401346e-03
3.574639157033188217e-03
1.419118679428164149e-03
-4.130542775829666724e-02
-1.002204766860012586e-01
-1.277919092207279112e-03
6.425345339258270450e-02
-3.404453890826969475e-03
2.669412931794090671e-01
7.033767655708358067e-04
1.113550231913664965e-02
-5.689402528746955179e-01
1.716776149396332480e-03
1.603147247869796815e-03
2.121963583282244700e-03
9.850965200702398450e-01
3.196778939041238637e-02
-1.379455927270036063e-03
1.013029795328787130e-03
-2.606460582086228290e-04
-1.058146570879662018e+00
2.169132441595104065e-03
-1.426615834174687625e-01
1.913987387131102806e-04
-2.022918095429840097e-03
-1.547264482618428746e-03
7.488803920523058426e-03
1.496584031836439288e-01
2.097863212505798991e+00
3.153131128111721915e-01
8.756195781875222850e-02
2.162646950029969897e-03
-2.868225222835262683e-04
-9.810465190718031803e-02
-1.601576003092336237e-03
-1.959968978519326631e-03
-5.277566537283000514e+00
1.496710743074006460e-03
-6.863118845680571400e-02
-8.393338053901279461e-03
2.847571756698196420e-03
-1.513478480778832416e-02
8.086055375912423564e-04
-3.495321312967227811e-01
3.061727886343060256e-01
-4.172633641223185905e-03
-1.028402178375133758e-01
2.552480893891130153e-03
2.061117062644292428e-03
-9.305955296787259134e-02
-1.146380973535910319e-03
1.188775091542100537e-01
-1.026716983500314956e-01
5.675729943671483646e-01
7.636255668775190908e-02
-1.034983701263019473e-01
-2.121579430124561488e-02
-1.434578854276903626e-01
1.911973837920944407e-03
7.496825878114432573e-02
-6.724225266167740966e-02
1.449920243129851870e-02
3.181830084090844497e-04
3.340022138183478817e-01
1.261372879054439237e-03
3.133852945984434007e-02
1.460510794233384722e-04
1.004446272155287700e-01
-9.450623594952255874e-03
5.998659711066238742e+00
-6.064183836114229835e-03
3.144773721844831209e-04
-6.751645252263124841e-02
1.230696328449778533e-03
7.448045907883812933e-02
6.685330054769141883e-01
4.740467857687281385e-03
1.045906851172649817e-03
7.394688616089541318e-03
1.139508224902361505e-01
4.570916663950668202e-01
-1.663416545729486107e-01
-6.307415803398529197e-02
4.107687324511725968e-02
2.349084247181197904e-01
-7.082321048485652248e+00
1.447495130232786531e-01
-1.158727414327784394e-01
2.374534323687169275e-03
-1.726537557333701900e-01
-1.493968724093603095e-01
4.277976587623002341e-02
1.438259962568597637e-04
-1.640931448045460650e+00
6.470896463936395282e-01
-1.882030315148051566e-04
1.395885656860974388e-03
5.037065738974070596e-04
-7.279483726581849057e-01
6.064573873219047170e-04
1.117564215607196737e-03
1.496688672772011636e-03
4.002062912039575870e+00
7.247364339087016341e-03
-2.621847828591058679e-02
-1.495308203453201736e-02
1.300254444801331004e-03
3.144516318407924310e-02
-2.672055611185094465e-02
-9.094107865450169748e-02
7.581458117468591051e-02
2.874612367774996569e-04
7.820161709082760343e-03
-9.342220683485639998e-02
8.770735054914504791e-04
-1.338398195365733789e+00
2.823763448142331267e+00
5.587363261748827803e-01
-1.823961837163829607e-04
9.993896282019059090e-06
4.656921254446416469e+00
3.193399640143935667e-04
-1.870888626220086781e+00
-6.362314239603131250e-02
-1.380211735236081816e-01
-6.779383806340558496e-04
2.678096261971553644e-04
1.682551870991935428e-01
7.397147242267513093e-05
4.917626356631208534e-02
-3.212500036576978329e-02
3.496811176215155158e-04
2.099853026592818275e-03
-7.312304224393380292e-02
1.874203277946606017e+00
-8.080259700072481288e-02
2.760090939129256071e-01
-8.115163235908480488e-02
-1.617515597193139375e-04
-2.168991528694007798e+00
-5.088256820680501669e+00
4.578617593057544788e+00
-4.349723629809466030e-01
-1.949376627056719543e-03
5.855487773940245416e-02
-2.926926405789967781e-02
-4.061962701119291308e-02
-1.529921261363283332e-02
9.310525792951588331e-01
-2.638632670237299818e-04
-8.442355088516912895e-03
-9.536028275772047424e-02
-1.125554708636569978e-01
4.010723444656923986e-01
1.030275303184198868e-03
6.369085682647741527e-04
3.385853229895577593e-04
-9.487678549841899915e-04
5.507348060350845433e-03
-5.635744651438066910e+00
2.353520338093574235e-02
7.158251922881816998e-04
3.132752910900222371e-02
1.350628060204308103e-03
2.796351255585527995e-01
3.947279447163729374e-04
1.305968904002518475e-03
4.164144116901723897e-02
4.604322004911152733e-01
7.231426411565379866e-04
3.213996831958130240e-01
2.778168977142782547e-01
1.046385832676232589e-03
3.273303913835772655e-03
7.747185290127284185e-02
-2.473187678311073931e-03
-2.159429261224396143e-02
1.693868155045902268e-02
1.165219441116801917e-02
-2.052876438053870961e-02
-8.382123831277978423e-05
-1.207367099878954922e-05
2.776117168713269634e-01
8.308147204841379854e-05
-8.255506099997379429e-03
6.156403270163330471e-04
4.791525931186737391e-02
1.252665108746190192e+00
-8.969344272695654874e-02
-1.075506029717446764e-04
-6.486846679873336553e-03
1.729243995717313909e-02
8.026400089830856236e-04
2.087131010376300111e+00
-2.913552082932537729e-02
1.076682111463469690e-02
-1.120846386448849791e-01
1.471139199310228074e+00
3.986538312279958376e-05
6.634422640381165692e-02
2.555890792747790921e-02
8.736079428089162102e-04
2.361265343190291355e-02
4.091052962164662258e-04
1.981648460112726048e-03
1.645401123307308920e-03
1.194805879544348463e-02
9.457511435525424170e-01
7.774646190754092717e-04
8.714971552504863217e-02
-6.843309366756605838e-02
-5.941855803745660580e+00
2.470227681459666869e-01
-4.510194839856685421e-03
1.664413321020774420e-03
4.817706749690090717e+00
5.162287315056530122e-04
9.712537546404266253e-01
9.372447734284740373e-02
4.796811630182754504e-04
-2.996039591363943311e-03
1.531673175064041326e+00
1.021794699356035202e-01
7.701826000517125737e-01
2.031383864002601902e-02
2.706902983694132292e+00
-3.116366812606133907e-01
4.996194157329679197e-01
2.158602341862351278e-03
-1.221566190987225936e-01
-2.737172186856496325e-01
-5.640110609637285360e-02
-3.014766631633664529e-03
-5.114829236771480048e+00
-2.111019171711070008e+00
8.650555934319062446e-02
6.032697765770160536e-02
1.416770802689387362e-02
3.164459067039743917e-02
6.421672161619098977e-03
-3.411753317566247612e-02
1.267483108712645912e-01
1.979791280451563291e-03
2.517081547026867039e+00
1.635200249388304994e-03
1.285543620813013078e-02
1.012964833031845258e-01
4.624989781081299822e-03
-8.267586578499425826e-03
7.617114164542002769e-03
-2.197745584690182635e-02
-2.287367560618327154e-05
-9.390803728174559883e-02
-2.360056838824204500e-02
-3.325157495612379721e-04
-1.114844105612803477e-01
-4.745651879814764482e-05
1.414343948124357868e-02
7.508953855049687806e-04
1.986086621623681103e-02
-7.403068178363492180e-02
-8.392208705944941352e-03
1.775575648324560774e-02
-3.805786540861700457e-02
-1.607218087151887371e-03
8.621549686554080827e-02
-1.237913496402285457e-01
3.067934090254950674e-01
2.450590977925709790e+00
8.465613226356527576e-03
4.547026743400481817e-03
-1.947538144633253684e-02
6.494438274863877699e-04
-1.737395498832825305e-02
-1.733630604103173628e-02
-1.157124805902607495e-04
-1.627858057905285927e-01
3.445906545565524930e-04
7.141800663175278813e-03
2.715542285082087753e-03
-8.566026201321548683e+00
-9.324771189100434024e-06
7.079941731061555228e-03
1.708601529738991952e-03
8.259108398821169914e-04
2.799979916570201066e+00
1.824435548528186533e-04
-9.497833357499874118e-03
-9.051313364350356376e-06
8.212961670081458943e-01
-3.779101693978368925e-01
-1.208101668037404597e+00
1.664887419838312344e-02
3.722415781525029773e-03
9.766489195894298772e-04
1.106688629493128920e-02
4.192163496624498720e+00
9.562521819881070195e-02
8.445537194529315062e-02
-1.788026028416191127e-05
1.196526759839155844e-04
7.030583836413439348e-03
3.779397798340101804e-04
7.084681256540347194e-01
7.281672131149341705e-04
-1.531899231597430855e-01
1.911091919919324054e-03
-3.764396521251878939e-04
9.369604362308553425e-02
1.610455331505666670e-03
-1.437790852258369117e-03
3.776767264614122599e-04
8.966629175828981502e-02
1.345182616863787315e-04
2.454822527646878180e-03
-5.569539764412042432e-03
7.091028509751308440e-02
-6.116766913863037891e-02
4.440221696738158759e-04
1.026792434669471536e-03
1.874203379613096666e-03
8.542755264791938863e-02
-9.129801051116318011e-02
7.574626908812276405e-02
2.273795019821640753e-03
3.379617417884578194e-04
4.557289467919968529e-02
9.163581988502774930e-03
7.276756030377392118e-03
-7.121744931191849055e-04
-2.600351330147014292e-02
2.222005682722763900e-02
3.708049735257762380e-04
8.967471811333407872e-02
-3.253997106022963638e-03
-1.728937079992414194e-01
1.003714734693915943e-02
-2.076642947919639104e-01
5.908626362789943798e-01
2.833634782608976995e-04
-2.010988037530894168e-01
-1.860463063362834124e-01
-5.511160934887219046e-03
-4.288017679772583579e-03
8.412024769570733244e-04
-2.787574819314926795e-04
1.107108465850754550e-03
-5.208662437534037348e-01
-5.968697660988326811e-04
3.517303162753440985e-04
-1.661194077018292303e-01
5.141208326320455546e-01
-5.105803299025722664e-02
5.622172480238222386e-03
5.014819473664854088e-02
1.696628486264080762e-02
1.622137764446181761e-03
3.677423674508604329e-05
2.150398985128677831e-03
5.781747339496619287e-02
5.422675982482870749e-01
2.023551755730290322e-02
-7.107957420687875845e-03
-4.914234995378588544e-03
3.308272357567989402e-02
-1.686678208982796412e-01
-2.138778858410225053e-02
-2.506960912312289347e-02
2.945741939923971486e+00
4.490515194316174741e-01
8.509563125047837906e-02
5.791253568896478215e-05
-2.842378525988072113e-04
-1.775713264344583875e-01
7.748133773595369984e-03
3.294387647312584377e+00
3.427075723140152880e-02
-2.157825575395625251e+00
2.198613744582115885e-03
2.207335488724812729e-03
1.716134548321913283e-02
-2.287973887527820216e-01
3.017182399015298083e-02
1.248992792730187033e-02
-1.589903660370360905e-01
1.115006977499272550e-01
2.682656461422721073e-01
-1.401973311287224855e-01
-3.910931987492365092e-03
3.947875144855508660e-03
1.635613535610129119e-03
-5.007660314825675307e+00
7.080065999001020072e-02
-5.679999901917627547e-02
-3.743803244509800836e-04
5.522841196106626632e-02
-3.239827118409951794e-03
-2.544345650546811239e-03
7.084014019729369060e+00
-2.283282967522619333e-01
5.837381775562803209e-04
-1.018857857134169431e-01
1.326815306995356714e-01
6.881035329117318744e-02
-1.114768146752369120e-02
-3.173556669745299791e-02
-5.345786218009920709e+00
-9.474714113838318078e-04
4.112541634679912073e-01
2.087785424047247391e-03
6.693967971697217800e-03
1.683792503585437514e-02
1.224922284347446100e-02
1.391555174653066329e-01
5.558209882173181446e-06
1.612444241809612294e-02
-1.768005182389910945e-01
1.378011105219532559e-02
-8.183015400272298677e-04
-1.134084340660430068e-01
-1.655923441147149093e-04
1.160815146066924930e+00
2.244247215726925034e-03
4.126856201010850045e-01
9.224788731892719432e-03
5.105729034093247146e-05
-5.438116586441703149e+00
1.011575173979682718e-02
1.250796596104123727e-03
-7.637299270471890889e-02
-3.641271542642800618e+00
-5.631590826938375968e-04
2.644196386155221040e-02
-4.614910817864658482e-02
-6.732772316847813326e-03
-3.910887112849681935e-01
2.640637249085830019e-03
7.020051218679528721e-03
-1.525038782970088436e-01
-3.502767090285680701e-02
-5.369317198033907168e-02
7.741866353915887074e-03
-4.325766638502435701e-01
2.794666257483155447e-01
2.306725960840417589e+00
1.235620855024228276e-03
1.455915720683789716e-02
-1.003409090582595923e-03
-1.136366522625334441e-01
6.176231743845114752e-04
-8.588579732246745535e-02
-1.446965877234711664e-02
8.820822003336425965e-02
1.218253398368518078e-02
1.405372390924363411e-02
-7.788481855997293865e-05
-7.107398657890078150e-04
2.740115892556585497e-03
1.067319310636080099e-01
-6.216258461496213666e-02
-3.630363189681445890e-01
5.491921432977061625e-04
-1.034124591724893370e-02
2.993529687144301787e-01
2.045099678846394771e-03
-3.313565898981134933e-02
7.564902504945479177e-04
6.433638355232112593e-04
1.130499891973878960e-03
-2.696252380795466450e-03
4.297086109400106990e-02
-1.830492700589219646e-01
3.607888057554526316e-03
8.152894074114856986e-04
3.599509345049684700e-02
4.972116324762385076e-01
-1.016304681367713597e-01
2.269675968840590904e-02
4.722413371434528925e-04
1.657138548248570081e-03
-2.138992611800875743e+00
-6.115972905396404036e-01
1.006235228184560460e-01
2.106131753196851478e-03
-5.885240730665201869e-03
1.209423357661642325e-03
4.110549498444901473e-03
1.634715388187839204e-03
1.529016338349553032e-03
3.076728460134630527e+00
6.022460297348039950e-04
1.933470985209652208e-03
-8.356451920213257001e-01
-1.086117203224918389e-03
1.246905479878643655e-02
6.478810694496310585e-02
1.897502320540900289e-02
-2.419136150194278571e-03
1.201051437935434299e-03
1.784875794447104286e-02
2.199660632599027554e-01
4.131288097529188241e-01
8.205768344571036203e-04
6.995173268588934443e-05
-4.038852286219726806e-02
1.488875884806625804e-02
-1.565914583989217734e-01
1.526546764787542476e-01
-6.216878681394718761e-04
3.895930000600181069e-04
-6.832879587156791279e-02
9.792255841412901562e-02
-3.065142458793260888e-02
3.173443964284709991e-04
3.505464465999493656e-02
-6.392961829429617826e-02
-7.974386532853369042e-03
1.131031178031724786e-03
4.000665786002542169e-04
-1.104925145858850044e+00
-1.659807724491635644e-03
6.241135758788522725e-02
1.188073740940666714e-02
2.103734336038428854e+00
-5.315367718791499940e-04
-1.934217107136167735e-01
-2.825139291932898256e-01
6.613492822089389600e-02
-5.112867235274528355e+00
1.241023188197267202e-01
1.100842133218705825e-02
1.160035528647737624e-02
9.045906767903894030e-02
3.366204867996425154e-02
6.367245802606437133e-01
-2.319342469698537287e-03
7.184744662870706094e-03
-6.751289386373157675e-02
2.005622004339006892e-03
8.974204460113327161e-03
4.037556621074552335e-04
-3.717773651344522760e-03
1.297466720102129732e-02
-1.160108570406770401e-03
6.482278123880183540e-02
5.341910679868330097e-04
2.110195396585093364e-02
3.447022380391487079e-03
-3.941082042944739960e+00
-7.989219283954651987e-03
4.459182081617503457e-02
-4.316990591819669376e+00
1.313850067826609069e-01
-9.283934478066244167e-02
9.014101103695038508e-04
-2.197284676856522623e+00
6.271615345690755017e-03
2.298039816270867952e+00
4.871022621444473163e-04
-3.326393302888658136e-03
2.553125990185908800e-02
4.554004880908910202e+00
6.533750788225518771e-05
4.196573543181321420e-03
-2.476329158923832197e-04
-1.376141255697486410e-01
-2.308008930568150943e-02
-1.731123330499481942e-04
7.398515336840936693e-03
3.222465083525113960e-02
2.037794281081712483e-02
-1.625581095711863856e-03
-8.174077494231878072e-02
-1.548478614929421800e-02
-3.588565419326928373e-03
-1.885924306233289494e-01
-3.325504708111871877e-02
9.474006246926996305e-04
-2.896432356611740033e-01
1.206028762445689739e-01
-1.300537553564211357e-01
-2.996627310768338118e-03
1.033264775195886331e+00
2.669586488547789731e-03
1.627440503528063825e-02
-9.393547614744296448e-02
9.201637021731710886e-02
-1.512800011541034773e-01
-2.669984787370648788e-02
-2.159578560966544380e-01
-9.317053796988016001e-04
9.291302700192511158e-04
1.134631429871388580e-03
2.899359737250821120e-02
-4.942811005269519553e-01
8.890329265591489540e-05
7.922005496694620305e-04
3.817383040916803860e-02
9.390856712032198336e-04
1.662257643621299586e-03
-7.899824322940248496e-05
1.946296472902077444e-04
9.426717235793719007e-03
1.311044141290743786e-03
-3.537915264407096028e-02
-5.429253876555524272e+00
1.945365168073825424e-01
1.247387806557447715e-02
-3.644747069322210598e-01
3.503597834402251941e-03
2.497522232148545029e-03
1.406290385810369473e-03
2.640344330857317002e-03
1.342534021465998945e-03
-8.980208857185165150e-02
-3.488164472441604436e-02
1.793339721654634185e-04
-8.649592029725046427e-02
1.446341843184965935e-03
4.464247346713384745e-04
-2.140417466953132397e+00
8.427193671745722425e-02
-2.260093667141133134e-01
1.106533413657282512e-03
-5.913296200563014637e-02
1.523533222353978638e-03
1.136257732103009834e-03
2.429184464660645928e-04
9.580165736545090960e-01
-2.760649323288650453e-02
-4.173128532558941298e-03
5.251984141278951551e-02
1.472270480245939286e-03
2.752979854594077291e-02
5.257418696175409885e-04
1.876017158806119519e-03
4.253525359763848240e-02
-6.049318408780620174e-05
7.961811810902174463e-05
-1.531631581104626535e-02
5.074330123113906382e-02
-3.388883482632673250e+00
3.364464620961966045e-03
-4.273124046976454343e-02
7.294877082325189159e-03
3.329430407849832019e+00
5.249342846103088878e-01
9.443278177114224591e-04
1.589026640722018824e-01
-1.001785127376788820e+00
-9.508084872143839072e-02
2.052698137432027933e-03
2.174703189011680804e-01
-7.353097865504584080e-04
1.011749912427048568e-03
2.281324093144647958e-01
-1.043510599874051571e-04
-1.901707336611722088e-01
3.631441135920247643e+00
2.314250979603003217e-03
9.083978049338818639e-02
-3.534522380220887772e-04
-1.477931449076125725e+00
1.064947924572282045e-02
2.405471993673162223e-01
9.082422097578338183e-02
5.499172331644402133e-03
-4.939992826020565136e-02
-1.013354433999385240e-01
1.760320874348265258e-02
8.266265562634367292e-02
-9.205166411829215911e-02
1.313237801269266702e+00
-5.126539649093601880e-02
-9.172770830476092985e-02
1.682190635554261515e-01
-2.753826582961149683e-02
4.465900297976121503e-04
-1.482462378405219328e+00
-2.373240337824071219e-04
-1.274346096366459069e-01
1.139595563191278804e-01
-5.175434646247348169e+00
-8.151850059282273950e-03
3.520838383877450406e-01
2.715681690457354830e-02
9.778032596772505847e-04
2.494983189947042566e-04
1.172427329290704704e-03
-8.306077113483245622e-05
6.573173706948712280e-02
6.785618659736464275e-01
-7.865040063091155442e-02
-2.005846577828226396e-01
-3.349313580880875114e-05
-8.935135198461787668e-04
6.976968236959874003e-02
2.839123625802526529e+00
4.185697009402014265e-03
-2.768402932864538757e-03
1.140132407844446777e-01
4.876673796988152676e-02
-2.312401731755851786e-02
-1.848949285620011434e-04
-1.582549347434748441e-02
1.228421955141766400e-04
-3.596168229665156965e-03
6.127356943906670309e-04
2.275108343084922963e-04
-4.234119230761026337e-03
-3.220703540632803563e-02
6.932111326849524358e-03
1.242160710014968528e+00
2.492232584481890879e-04
-1.877925110504779713e-05
-8.870354397457899057e-04
2.558103028399769108e-02
3.265593726084305426e-01
1.938812687920427914e-04
4.948247285474965951e-03
-6.404950718668011023e-01
-1.365733028624299596e-03
1.492725974739965260e-03
2.568514713321284350e-04
-1.851206023367649861e-02
1.980736128539354463e-02
-1.624343419409858720e-04
1.326311575648626839e-01
-9.272310909938274223e-04
2.845682359541353013e-02
1.297715611865940359e-03
-6.355678283902164993e-02
7.714663313560669866e-02
4.359640710872095259e-04
-1.436359248356700036e-01
1.048576511903881181e-01
1.230696816600233921e-03
2.329240042926359298e-03
7.030127401802721554e-02
2.827295340737512926e-03
-1.404182529922765304e-03
4.458343267594780945e-01
-1.931852485111119344e-01
-1.229747356611251147e-01
2.082727149056244620e-01
1.190774327638823016e-02
-2.941241928864380295e+00
-4.785101146810478295e-02
1.202881986643100296e-02
-3.331438745375831512e-01
-2.361050139813121104e-02
-7.072849903427114171e+00
1.267797862655913044e-03
-5.106308716322797814e+00
6.925788019603928980e-02
1.095567076296209696e-02
9.833105070707694878e-03
1.333762957281486687e-02
1.924794977976221344e-02
1.425205972980303883e-03
3.624714480190763255e-03
-1.134983169958060211e-03
1.041443837206742010e-02
-8.627419404053808527e-02
2.166121143195728839e-04
5.681176219500941649e+00
2.397771867186220707e+00
9.735241990530907677e-04
-6.070519728617784078e-02
1.135089462636652662e-03
1.886106986194123133e-03
-5.988037011715835641e-03
-2.170201523464337489e-03
8.678403739514127524e-02
4.688762526735995606e-04
1.221997546997116279e-03
-1.309571701416315914e-04
3.027829306101062143e-03
8.366347209874357149e-03
4.254853825401858636e-01
-4.657519909213359455e+00
-1.120341851210947759e+00
6.120874376395907604e-03
-1.485384633051128889e+00
1.261891697239178600e-02
-3.498686484512867484e-02
9.762869128430992083e-01
-8.526822268187005116e-02
7.697962879983787261e-04
6.126588341751985078e-01
3.014966266056411381e+00
1.162110980743560635e-03
6.062532732742851316e+00
-5.079811563367812866e-02
-2.677365539050700627e-01
3.303124178490914054e-05
9.504681043777031546e-03
6.507671490443928120e-01
5.380865585371708004e-03
1.714558645318835402e-03
3.256196175030513784e-03
-2.227822057381083631e-01
8.655703541517788258e-02
4.237680782137417945e-02
-9.801587210426092600e-01
1.576173112076155514e+00
3.765853510045404084e-02
2.300351589496905935e-02
1.206870665913245197e-03
1.685058173621140814e-03
-5.095441456762776072e-03
-3.583949071320522983e-01
6.515596657201699893e-02
-1.575192074898355311e-03
3.826062455249972676e-04
-6.894681692551070384e-02
-1.055856967095453403e+00
1.229180706864607718e-03
1.105271375593984695e-01
3.042321767718220715e-01
5.034108272239879106e-04
1.423978187081472281e-03
2.175260844879258609e-03
-1.487082737177588321e+00
-1.688115955075029581e-02
1.043608288263413349e-02
-4.077889214652578170e-02
2.638326726109528272e-03
2.093631492924657778e+00
5.786235416488468841e-01
1.920032591405068483e-03
-1.002257454835328923e-02
-5.665107324864111782e-02
-1.666350614504575353e-04
-4.884399056788502946e+00
2.010628147294401397e-02
7.031158961164811760e-01
7.202865605822823536e-01
5.783027129598391526e-03
-1.997971859336923270e-02
-9.914101012820804564e-04
1.256927008500996262e-03
-4.935210181040241562e-01
-1.381057524407283410e-01
6.366687594865947731e-04
5.227628001276983793e-01
9.313652806595801303e-01
-8.037524792978579385e-05
7.213710420176039709e-05
-2.687251910712118441e-04
9.870320698899942569e-02
3.504396697536933496e-03
9.550142055723288559e-01
5.777111078836226099e+00
-2.106766843608603914e-03
-5.351943351599407483e-01
1.242545743775202161e-01
-1.784511345742758985e-03
3.097846344673352379e-04
-1.613164337460393005e+00
-9.658391833275808275e-03
5.624153807686542656e-04
1.667394960044668251e+00
2.769699689482267857e-01
-1.796515896411220226e+00
1.566762829359290635e-03
-1.823473121866320615e-02
-1.782711690394725990e-01
1.377833950234761936e-03
-1.108738812098304383e-01
1.663226012503868922e-01
-2.806397035195123610e-02
8.964365604045214202e-04
-1.349050496234694418e-01
-4.021356955793978921e-03
-6.446365554655825170e-02
3.302925412396422178e-02
-3.476019139790186702e-05
5.126028624212063123e-02
1.382676721063486325e-01
-4.579417529903363759e-02
4.514389354924792409e-04
-1.706918956501635165e-02
1.532865456028727758e-01
-5.549939385927600902e-05
-1.757911572949487355e-03
3.840616817808190753e+00
2.156642535483877313e-02
-1.449665356338558087e-01
-1.526279837160389799e-04
1.334771088612168866e-02
1.269707250088334183e+00
1.430405025946121381e-03
1.194936404982531626e-03
-3.005644700927123103e-01
1.854121210041616719e-03
1.113948461310313442e-01
-1.187118448989629791e-03
-1.006442388714793301e+00
1.840523141551354781e-03
-9.749700768749511998e-04
8.431210814409615395e-01
1.633846622049386216e-02
1.566202196458988663e-03
8.367206028431344311e-01
-7.812581405509026397e-03
1.791907377789354406e-03
-1.163545396306855106e-01
3.309422330777690019e-02
-1.504049021550928622e-01
5.061267071133894284e-03
2.560666399407767746e-01
7.549695489813407212e-04
1.703098384663171566e-02
1.006361501412731969e-03
-2.822897592360387731e-02
-9.859809082741992706e-03
1.027645563608720891e-01
4.308339029317391294e-05
5.325990967828016925e-02
-1.293111627457400048e-01
8.883567479712522943e-04
4.414743426151523487e+00
4.681521225939097412e-04
2.140174935249176610e-03
-9.310763081477831105e-03
1.476679215996047709e-03
-7.140872789900558522e-04
2.750203906681560409e-02
-1.525725047997037453e-01
-5.627556740667119528e-02
2.061470917143107262e-03
-1.431649108523927591e-03
2.405131592004480616e-03
1.947966892656097238e-03
9.625294110915817714e-03
-2.935608820853325085e+00
-3.495858802804026333e-02
7.779715136500939439e-05
6.792602568850575340e-02
-6.831211427719160456e-01
-4.119017505783031941e-01
6.020148242654824178e-02
2.450458060652172254e-01
4.265281058688492888e-02
2.541652021727848834e-02
1.037215097361994173e-02
2.295318435987028782e-06
1.995133393473837776e-03
-5.433908923645407008e+00
5.404903121567533608e-01
8.847372197743400262e-04
1.023139049478691553e-01
8.121463450904481407e-02
9.670748909658966053e-02
5.601757559263356168e-01
-2.320086315108329036e-05
2.229828727401697575e-03
-2.011986470713867520e-03
6.821704711221088235e-01
-4.759204871076993474e-04
6.988688060973030636e-01
2.146337516798750567e-02
7.192642529206665645e-04
3.340433568663210128e-04
1.995881454109394923e-02
-3.058550461938981946e-01
-5.131242030972259921e-02
9.762506546456241330e-02
2.195647860306078683e-02
4.484704726628688807e-04
-4.330220916350064897e+00
-5.029727731969255849e-02
6.739368090581308000e-03
-1.446931253678533036e+00
1.332169722308785276e-01
1.343405526944464051e-02
-1.466792414887137797e-01
-1.200190775643434531e-03
6.403813028104129003e-04
7.978522184289751906e-03
9.161700516384810311e-02
2.239054159527721910e-01
-8.278049058791725826e-03
-9.213709300823823365e-04
-4.604468641486846037e-02
4.223817701849240771e-04
7.458293101509601460e-03
2.005631265212273195e-01
-4.445960685829306591e-01
7.377485986080583105e-03
1.323324388303223111e-02
7.924894493717585080e-04
6.786211709217183918e-02
1.823488055251912482e-03
-4.191930955494251737e-02
5.357478786447867486e-03
1.458374123700620188e-03
-1.660709832052097851e-02
4.489586402326821435e-04
-5.665246169262724146e-03
1.929558666740639750e-05
8.657932956697048654e-01
-3.206141107811448787e+00
1.242822911024103359e-03
2.412422295631829972e+00
5.704615682139003996e-02
7.148463463084874132e-04
-2.139618854962074476e-02
2.944174952869121203e-04
5.744777933709432644e-04
2.675688984464037919e-04
-3.860672255484988522e-04
-7.194377487909223157e-02
-2.481930902555197060e-03
-3.525982897439877140e-01
-2.627921200882116573e-03
-7.015194399083538590e-01
7.403651361309139922e+00
-1.161304436835435688e-01
-9.371865777933063510e-03
-3.167976229433721591e-01
-1.157086182938570490e-01
-4.451572056013126206e-04
7.355754575275821883e-02
9.366467732998956519e-04
-2.660188211816815612e-02
5.408470798884023462e-03
3.546749059580682484e-04
6.737106886868228462e-04
5.527832125114583509e-04
3.155795205191538541e-03
4.142413788308686728e-05
-1.606318223345586408e-03
1.283354984151687667e-03
2.232422343778117917e-03
1.040945766835849051e-02
2.814586612354864556e-02
8.694347187631766734e-04
1.529790988246914374e+01
9.203646462319624300e-02
9.524476296025789421e-03
5.436970093634855949e+00
-7.490352889479043319e-02
-1.242875895751244936e-01
-1.111842758033397549e-01
-7.668734550454064935e-02
6.287990258039715709e-04
-3.700121373170486283e-01
-6.701696441692853168e-02
2.941489705630496720e-01
-1.329166886585232965e-01
7.615440592789226573e-04
1.663906450522207149e-04
-3.633068795443191064e-03
6.749511121711191386e-01
7.342297392824340685e-01
-9.644818432837110045e-02
-8.290753477470814287e-05
8.509991226850378496e-03
-1.174967266632913759e-01
3.206045194742686635e-04
1.060995387230369638e-02
-9.249180605075635331e-02
2.440940077939040415e-02
2.223999722485651281e-02
5.761149716922646657e-01
2.304029747925839290e-03
1.030871953918167383e-01
-1.118371697780580834e-02
-4.604082136578538202e-03
4.162756813647748300e-01
1.996655090748625794e+00
1.534763670819827910e-02
6.098899379581799443e-04
5.661166864083568180e-03
1.361177758878141190e-04
2.177794421415872074e-04
6.609460490926019833e-04
6.918379688721972010e-02
2.549216053051167608e-04
-3.238015850654115194e-03
-1.819295234415886642e-02
-6.738455500542566562e-03
-3.896808951082814110e-02
-5.146540563350726849e+00
4.379332938521228180e-01
-9.988790497878452523e-02
-1.148650869936175822e-01
-2.384549488994268662e-01
9.023282386900464969e-02
-1.441860516722391350e-01
-5.750965133555756975e-04
1.988408813672093781e-03
5.646026902730830188e-02
-4.213576207137292862e-02
1.109842871851166035e-02
-6.165408949370559423e-05
2.850113286634687326e-01
1.603242742795904160e-03
7.664568420680170635e-02
-1.240079485243631395e-02
-1.186914203567087656e-01
1.088786158840734791e-01
-1.205605792780526098e-01
-1.401177129663138121e-01
-1.016079443418876627e-01
-7.144148203991183832e-02
5.040240621849141345e-01
4.439256936221838484e-04
-6.710071283302203489e-03
5.239636934129131562e-01
-1.207080228624807017e+00
1.473565437713389003e-04
-2.032451269307961788e-04
2.000812146628559773e+00
-7.174844340730068826e-03
-1.015187252610497137e-01
1.353799783276934130e-03
7.356341278588018895e+00
-1.263183631889960683e-04
1.107016018564856541e+00
1.509363337236582954e-02
3.027834253114218832e-01
3.502245415259981620e-02
-2.600310803463803944e-01
-1.784751728440635982e-02
-3.161260845002103470e-02
-7.463208897880666340e-03
-3.059238738969977459e-02
-2.581049965079332612e-02
3.367980899498546621e-01
9.588476196132984710e-04
5.328117383801659994e-03
-7.260228978590185234e-01
3.983812957570531318e-03
1.838645224178203294e-02
6.373635439007086650e-03
1.212714465408422891e-03
9.616925234099074626e-02
-1.175763622020211674e+00
2.619230666497671223e+00
-1.737651590830580739e+00
7.431786730325972562e-04
7.385123296301938645e-01
3.577887645661827209e-02
6.415008909779049660e-03
-1.852996923891271630e-02
3.099005450759530992e-03
3.848500441364303970e-03
-1.360638510066589646e-01
-2.125431982647655593e-01
9.729226426827006571e-03
3.294839612968987128e-03
1.542897480011978188e-04
-1.757694959886359209e-02
5.664426958594537959e-02
4.728996784597352954e-01
1.509869677692439547e-03
1.227193529694738106e-02
1.430912772132481980e-03
1.258659459831878817e-02
1.424447659798689161e-02
7.961132993880028208e-02
-3.632778084218252733e-03
-9.961012860627972525e-04
-4.334104914820213804e-04
2.305726632503056830e-02
2.121311117897455370e-02
1.061467805410405869e-03
-5.251745827368710096e+00
3.427763236192976626e-01
1.534374157460924478e-04
8.693925417782922323e-04
9.290636238875774749e-03
1.920707878266926863e-04
-1.198066488757305696e-04
1.055058666292048655e-02
4.529283255744578907e-02
-3.573748834938236460e-03
2.873396895728299108e-03
4.403805740680341932e-05
-6.273817817935124497e-01
5.891977212879409009e-01
1.048499146646853343e-03
-1.256660203816488929e-02
5.025456625206383698e+00
3.021204511793047082e-02
1.456320763052001976e-01
-5.567884937772884894e-04
5.138167774275074085e-04
-6.009490758596367499e+00
6.635999978477313821e-01
-4.808213413584744522e+00
-3.298754872870399753e-03
-1.473194476623834216e-02
-5.565122081167679603e-04
-7.970037160306051027e-02
1.366923407671277301e-03
7.286717358383208720e-02
-2.751573649719734616e-01
8.845681597718542399e-04
-3.224681991386759566e-02
-7.888678904496779221e-02
2.147664787945310644e-03
1.923940706193962014e-02
1.819513912617573125e-03
5.117615321378011783e-01
1.761757413988995942e-03
-3.141382397895288447e-02
4.409007608939267270e-02
9.681189528308282522e-04
-1.544673034943454260e-03
5.873060362050260691e-02
-9.523904829399378741e-03
1.190387344102430855e+00
1.534348488962487822e-02
-5.067727584558790604e-02
-7.380619490084357193e-02
1.733044192230300462e-03
1.648056210709240160e-02
-6.112471776412013030e-02
1.719230115960081129e+00
-5.806748275557892941e-04
-3.079991540450052745e-01
-3.107846413103777794e-02
-1.394546935369765780e-03
1.965674779692892782e-02
1.885735796761718597e-02
-1.314738564168920210e+00
3.677705615123374322e-02
-4.286667898876319813e-03
-1.983544437875966182e-01
-2.255223076193670073e-03
9.609429060992494536e-04
8.677171912490214481e-04
-6.958456257474622585e-04
-7.397279640938348496e-05
1.710991624830757868e-02
-8.527712419427047053e+00
7.186107744614184502e-04
-3.683690713094576324e-02
-2.511333078281526299e-01
-1.035076138820188590e-01
9.114879906771667078e-04
3.543557544348281858e-04
8.948450365548815677e-02
-4.258257812924874652e-03
-8.591536713429812067e-02
-5.994517389853254268e-03
-6.287280268341985390e-02
-8.620307458716670868e-02
9.598242956686236626e-04
1.088814184320158862e+00
-1.059545319299084673e-02
1.049217154227777282e+00
3.235349182665446799e-01
6.759174286251677655e-02
-3.273580878939985617e-01
2.656877351229692229e-03
1.079736569323276867e-03
4.013738806118866305e-03
3.101788721689853999e-04
3.392860483661250259e-02
-6.749001366487465507e-04
9.682750361608478962e-02
-9.744212328070034346e-01
2.132050437292572296e-03
3.540303343106782422e-03
1.377801826515085759e+00
1.307187456865831487e-01
-6.191128601765794916e-04
-1.522312010386556447e-01
1.464730555439622606e+00
-2.274713112263872794e-01
2.538366798158733784e-02
3.064446601383352120e-01
9.429556876731767442e-04
9.413635328507535815e-02
-1.107012018481400104e-03
1.111777275166064838e-03
6.133018541350422348e-01
-1.080666438261026208e-01
4.637534330332622468e-02
1.838446138514943096e-03
1.065080075192605287e-02
1.454967324743494401e-03
3.165651656650661505e-02
-4.781458218683963146e+00
2.684797989126206340e-03
2.954233441290355505e-04
1.379386203154303603e-02
-6.645905232801702089e-01
7.445890682109491954e-02
-5.514272599001557307e-03
7.520379034441769528e-02
1.972917831542835704e-03
1.468169085967006848e-01
1.083034681617052047e-01
-7.682488978924627565e-01
2.594474447285059944e-03
-8.596064748579271275e-02
-2.528708084731544001e-04
1.125112769256495122e-02
7.791020828122600939e-02
4.704414369781285315e-04
8.455828509301202556e-02
-1.505386859057150362e-01
1.469066838087562443e+00
1.687211825474814898e-03
2.879218884054644129e-02
2.770211250534314606e-01
-2.672158181167344715e+00
5.351694037949978472e-02
2.966430603798342856e-03
7.541529554276775738e-01
-2.997785531814079092e-05
9.891439216268066090e-05
-4.733463483580282904e+00
-9.938804647118288510e-04
7.584778759837232983e-04
-6.781485381583543699e-03
-7.110805869014060754e-01
1.873435841819888134e-02
8.669352695312562695e-03
3.677897314766942483e+00
-4.095245836450447818e+00
1.352500140473577618e-03
2.406440992734898768e-03
6.204746129053052665e-04
1.167076004313596102e-03
6.974502037726886261e-01
1.724521447919120107e-03
2.983895738359916561e-02
4.498090875858602386e-03
-3.140891416462726540e-03
-3.088507001659535761e-02
2.171530424716753949e+00
5.899899920198590185e-04
1.524865960266869524e-03
2.005639135972541176e-01
-2.878132538034818388e+00
-3.307820735011319981e-04
-1.882929827416800483e-01
-6.609950358585041374e-02
1.357135299852042440e-02
-7.304916977129622714e-04
-1.948996158885645241e-03
5.445114759214420452e+00
2.124398052449109897e-02
1.424458668186524835e-02
1.159186154102393590e-02
2.572119530116865650e-03
1.193298700135718600e-02
3.198363886603163789e-04
-1.197932190827932092e-03
8.975131595531987694e-02
1.412730456683831438e-03
-2.071670293903359883e-01
-3.147406719274169484e-01
-3.539803172390312835e-02
1.036236685942449297e-02
-1.028615376292526043e-02
-6.290700609115537745e+00
-2.520535105232337564e-03
-6.651904488629085954e-02
-1.375747861666529737e-01
