1.098419175369144618e+01
9.662936171380364314e+00
-1.764449313051750234e+00
-4.260954816438288217e-01
1.094882045286881223e+01
-1.537335384996455723e+00
7.850639294024437831e+00
-1.987318859901868517e+00
-1.738701259682355005e+00
-1.546663466309326829e+00
8.444436575448120763e+00
-1.138808700733453749e+00
7.566816492489284229e+00
-1.452272073029825084e+00
-1.253145468048756650e-03
1.383729619255687915e+01
-1.900332470915698790e+00
-5.052101584315168981e-04
9.749100597755598230e+00
2.170311699100461666e+01
-4.737616076631036011e-01
-7.628512277175197864e-02
-4.072945973338033543e-01
-1.831970458508364041e+00
-1.572421616901398922e+00
1.211359852672846316e+01
-1.115968234381624624e+00
1.927998945156710420e+01
4.153561472162889956e+00
-1.549151316092988395e+00
5.672705822153769617e+00
1.223240440157399078e+01
2.323468883476693136e+01
-1.354640481469786106e+00
-1.598823335694108838e+00
1.283049447230489015e+01
-1.077446127674923870e+00
-1.733049631610836805e-01
-1.552965810412721748e+00
4.322165135614444154e+00
1.099757660597816944e+01
-1.813100377251126716e+00
7.288566605157772216e+00
-1.378899133197839744e+00
-4.634546631163356523e-01
-5.980278715942383139e-01
6.424042867427578685e+00
1.611107142694230987e+01
1.993009557462841741e+01
1.483816971985610955e+01
-7.492498369422331272e-01
-1.080832227877941421e+00
-1.608102127482494703e+00
-7.575304765235090221e-01
4.672371153170304936e+00
7.688476486569871149e+00
-9.469119718206919778e-01
-1.762145756951692954e+00
-1.481378836632265772e+00
1.369222004250421421e+01
1.748421204335197032e+01
-1.115867659100056919e+00
-2.230486524749942578e+00
1.163191705364104145e+01
-1.793572131089377963e+00
-1.915745486125368435e+00
9.290452734397947054e+00
9.637316395319556861e+00
7.810669040083794812e+00
-1.926349017796958440e+00
6.424326364742537265e+00
1.921910390456030626e+01
-1.654854225287878400e+00
6.386283014965523641e+00
-7.520634386274811511e-01
-1.921808537797400795e+00
-1.629508997021662742e+00
5.408696872777429832e+00
-1.566187639508806795e+00
2.116762314205546147e+01
6.281447152351598895e+00
7.020854411473209211e+00
-1.225719938829988864e+00
5.360075575193658182e+00
2.329347295720512889e+01
-5.186029785305051876e-02
1.473612801674513761e+01
-3.381663981117972728e-01
6.861778767470680052e+00
-1.538098190111016894e+00
8.858782645911254860e+00
-1.676416092848062589e-03
1.044010531799228580e+01
-1.120769159933148629e+00
2.218729534049463226e+01
-1.025160297574953638e+00
1.168127853311387909e+01
-1.501082678623928857e+00
1.482893161400425619e+01
-6.592060147696622296e-01
-1.909707218511506488e+00
-1.752351524435540320e+00
1.274180561521298927e+01
-8.722538821892893424e-01
-1.894913631443816859e+00
1.822760341664205797e+01
-1.011918410123000323e+00
8.769724523469875521e+00
-1.152660134588384455e+00
-1.726579761130471624e+00
-2.373313001603865935e+00
-2.128044870891354912e-01
1.445641039298619113e+01
-1.365727574128836830e+00
3.917176084976580874e+00
-1.308735366257732791e+00
2.201309999701102171e+01
-1.949682438232635429e+00
-2.352780093868892308e+00
-7.484119491276308711e-02
-1.218181881057469162e+00
9.870879297110827011e+00
-2.093502946277236987e+00
1.037195143511286055e+01
2.732590020139581455e+01
-1.592818255590317644e+00
-1.464205021114480587e+00
-1.690656605937879142e+00
-1.709947127201265404e+00
6.183792182055625197e+00
7.276070150066723308e+00
-1.427046765943612794e+00
-2.018849827478780279e-02
2.359075270060968066e+01
1.073989645575246143e+01
9.198564442281369935e+00
-7.501058261723190235e-01
7.395510913893081018e+00
-7.109094835937581625e-01
-5.740443323204375003e-01
4.776294704183028372e+00
9.752069960261941617e+00
-1.569779270683758776e-01
7.277531211951890455e+00
-1.533608417996586537e+00
6.009511307768164556e+00
8.661423460841668032e+00
2.007661807850138658e+01
-1.693062682274854236e+00
-1.546557869969420462e+00
1.701293683329262052e+01
-1.788343412418402112e+00
-1.347683663661439546e+00
-1.869626975469103058e+00
4.715841452131260603e+00
-4.300496746195331399e-02
1.163191678210979418e+01
-1.389051696186272222e+00
-1.333971892187355790e+00
2.907355304074681612e+01
1.028337619213279019e+01
-2.258438150053518445e+00
1.851651366272973931e+01
6.372098784131255300e+00
-1.355300245019144256e-01
1.769765586284711745e+01
6.412445609639014776e+00
1.314821660868105369e+01
1.555160881282918517e+01
-2.538343866250287739e-01
-1.384909561844060111e+00
7.912657501976253727e+00
6.104388705836109708e+00
1.058569993927060437e+01
-1.797467999493596258e+00
-1.059550452822601851e+00
6.593869471379224301e+00
-1.689125456172975159e+00
2.425501329661052807e+01
7.421462071078544831e+00
-7.271362419885849526e-01
6.786877066166606909e+00
-1.084387537008310254e+00
-1.125430181421223974e+00
-2.700854986807976754e-01
5.250999980956631674e+00
-5.889240137472473435e-02
7.828357869373803624e+00
-1.283101142309989395e+00
2.191126436983301318e+01
-2.257649300196997277e+00
1.562331431419709560e+01
7.037373869867113996e+00
8.315183093321973473e+00
-3.179625233251879290e-01
7.656485785173936520e+00
-2.152570532274207693e+00
-1.101539610609543751e-01
-1.388861673013013220e+00
-7.694961294084918801e-01
-8.804999985347548019e-01
-5.457625246330608526e-01
1.175405800092785569e+01
7.397119145523699757e+00
7.939618265865044933e+00
2.207382049268080237e+01
2.289563834420244959e+01
2.918859830889368823e+01
-8.356044554081556441e-01
6.029223619529314071e+00
-1.006752685129853830e+00
-1.435150214526830448e+00
8.345699329972688929e+00
1.367859075884016740e+01
5.461341947209098713e+00
-8.193272512682803210e-01
1.937444305180621029e+01
-5.063111366754443621e-01
-8.091768656672861104e-05
9.028032722580045188e+00
-6.595359054045606406e-01
-6.999807750809536877e-01
-1.502852823877874222e+00
8.313117185058807479e+00
-1.258063160153084503e+00
2.120754358549987373e+01
7.031265942103127387e+00
2.698864417535865101e+01
1.617459069639798841e+01
1.609645231078963690e+01
1.848197682532073571e+01
-8.752760847152929458e-02
-1.839694612373650617e+00
2.117804516109613999e+01
-2.039924360202766795e+00
4.068833082856465388e+00
-3.104370663357364224e-01
6.699430632120710882e+00
2.250276319282367865e+01
1.759669315886095120e+01
1.039422705681847248e+01
-2.147857326484073681e+00
-7.402464111345246067e-01
-2.102008307646695329e+00
8.415302090308545147e+00
-9.487950400050451094e-01
1.891169886938512690e+01
9.472965397029350143e+00
-1.578318142589776318e+00
-1.491067991300484952e+00
-4.846034873515189800e-02
-1.576476208073999574e+00
-7.804097494182711259e-01
-1.779661875486368672e+00
6.243189139063737514e+00
6.299054189489163846e+00
1.041197369972619136e+01
-1.364632051044489369e+00
-3.969453640163259633e-01
3.842349549854737312e+00
7.220723806748965856e+00
-5.596525861192741536e-01
-1.584189737309514401e+00
-1.557138185555186682e+00
5.077987449995751135e+00
6.571579625081669818e+00
2.019609344812226226e+01
-3.605168741352470230e-01
-3.418270675173249451e-01
1.157103521317943873e+01
1.362074577630570005e+01
2.351535694855645175e+01
7.613943376376228755e+00
-5.503187293708334815e-01
-7.007530814490262605e-01
-1.110784467566435785e+00
4.886319283302356986e+00
1.630462504881699815e+01
-9.274065649570244485e-01
9.982222876053842953e+00
7.308584520113686089e+00
9.587590166762614885e+00
-1.695129494884674459e+00
-3.244336654028114886e-01
1.135576001521863709e+01
-1.429582904613393213e+00
1.207029819444406371e+01
-5.033462065677425379e-01
7.868690294998446078e+00
1.231940137989883510e+01
1.034612569554268724e+01
1.560728020605034949e+01
3.644514054160315375e+00
8.561464184504918862e+00
6.029739737700571922e+00
-3.373597895187523399e-01
-1.112674070182636310e+00
-2.165492114486466946e+00
1.002403044909346974e+01
3.868642274601784337e+00
2.016054469945203920e+01
-1.133923170148130266e+00
2.844183628641468431e+01
9.587460868644216205e+00
-1.720883939546048014e+00
-3.318813963466854533e-02
9.961389376995406053e+00
-1.242372070483928281e+00
1.711562324677296587e+01
-2.000921276035512619e+00
1.243784995812873539e+01
9.340758954693832550e+00
1.984243157247400546e+01
-7.587275600411576004e-01
1.246315821910315336e+01
6.740293665654887079e+00
-2.102161760549727809e+00
6.414688600654582018e+00
4.748420263109436767e+00
1.718132703676665685e+01
-1.744332207716110306e+00
-4.979376156338795045e-01
7.522179804816165216e+00
-2.042572223565878975e+00
-2.070164350797800701e+00
2.476964434731919340e+01
8.478239350103287109e+00
1.206133972760304118e+01
8.627913344865881129e+00
8.370770810670782325e+00
-4.690210864145666347e-01
2.210378334679399259e+01
2.449258253940346464e+01
2.661319934960985734e+01
-1.167483101267740908e+00
-9.343706252258481282e-01
-5.788588492662698481e-01
4.198419597068761000e+00
-4.513263008386387831e-01
1.021450646976453136e+01
1.027280338327608078e+01
-2.241519663701793341e+00
2.761729107281251316e+01
1.220816783967480923e+01
6.211692576894378703e+00
-2.023416554066763240e+00
-1.638304967588666283e+00
5.585149123038215535e+00
-8.473347207641023227e-01
6.741519156398205759e+00
-5.085739097339569970e-02
1.325105374895908561e+01
9.612777520140806331e+00
4.600697890727747819e+00
-3.090383522554179807e-02
-1.880379946186451878e+00
5.969840082982767804e+00
3.676233350186825177e+00
-1.622793342514118331e+00
-1.397865974078330353e+00
-2.104829806950487825e+00
-6.554969541695199187e-01
1.321447678762669575e+01
-9.112776669888666969e-02
-1.487482574564757076e+00
-5.300385686875312974e-01
-1.458761571635941889e+00
-1.057215532673910330e+00
5.793179197943134184e+00
-3.716630977176675898e-01
-1.851702572250928824e+00
-1.308817081801137094e+00
-2.174456050417960640e+00
-6.196125593634804751e-03
-2.023562449348672132e+00
1.212921068089331555e+01
1.667254776941679140e+01
-2.043623998280057918e+00
-1.731157018410144133e+00
1.039995992177233397e+01
1.072867201765061829e+01
-1.240069971510800784e+00
-1.020570174160864374e+00
-8.464509700561710925e-01
-4.220794139370195874e-02
3.935933725767556624e+00
6.058379978312917302e+00
-5.184645181141985804e-01
3.223462405956425414e+00
8.685731757770254191e+00
1.261061314485329099e+01
1.655912571173398717e+01
-1.732097265817214904e+00
5.641997942995867099e+00
-2.030645348444079623e+00
2.122368136906878178e+01
4.924841884270113823e+00
1.015141992003572291e+01
1.422954150804809892e+01
-1.706177999165791714e+00
-1.333162933249909088e+00
-1.503603302702639921e-03
-1.349672577834383214e+00
6.321782549203144086e+00
-2.123691608873647940e+00
3.282492279711165306e+00
7.834786177395925755e+00
1.466688599660417935e+01
-4.285583943469808421e-01
7.972428187110906173e+00
-1.035876892254185666e+00
-2.173079472019325831e+00
-1.722500879847490785e+00
1.716477555968815238e+01
1.541950980514780056e+01
3.539610781171912635e+00
-2.323844974413726394e+00
1.963471629814177444e+00
1.473714038781676905e+01
-1.047482802274388725e+00
2.657624632340348469e+01
-1.935543904892151001e+00
-1.683706937715123919e+00
1.330810782467468911e+01
-7.313518700287715557e-01
-2.373808060770223882e-01
9.798763302307492040e+00
9.508922435445002819e+00
7.408032847611963234e+00
7.827698005743951803e+00
1.840432147897711346e+01
1.621584484401384074e+01
-4.092458370978416804e-01
1.446787777437377542e+01
2.438605239067412356e+01
-1.436631365975281405e+00
-1.121689370136816688e+00
2.969435307908981514e+01
-4.001573942188624278e-02
-2.493646197394271402e-01
6.635250138680072851e+00
1.888280229900228946e+01
1.433439437280277495e+01
-1.340113991594681142e+00
-1.987846294212080034e+00
9.078806327324612013e+00
-1.075491981177729484e+00
6.687009815784946909e+00
-1.441949357179859170e+00
1.114989167617449439e+01
1.561709990536516379e+01
3.663783351760078855e+00
-6.265782621089551752e-01
-1.497494098669026608e-01
-1.778482462996910263e+00
-1.430921161652308760e+00
-1.544831992114809260e+00
1.365922170657115586e+01
1.355196705893741616e+01
5.727606773409682717e+00
1.012249207609116297e+01
6.934349958221028842e+00
-1.895036583949674336e+00
1.251131627858019080e+01
-3.494269570789808599e-01
1.783735270495378700e+01
2.113353084279046712e+01
8.125862488475844359e+00
-1.045641982296858785e+00
-1.620111386520791230e+00
7.334822083310846175e+00
-2.345460236863492476e-01
1.758815029398707708e+01
8.662499798541420049e+00
-1.773094759640605034e+00
-3.921071533678119891e-01
6.310500990334126925e+00
4.658536338996422721e+00
9.468985568782013473e+00
-2.458147593997578317e-01
1.241564289340138316e+01
7.138668932630368502e+00
-1.644308753253519439e-01
1.220190745458614501e+01
-1.683268403248685097e+00
1.829704969344786036e+01
-9.071231730886861744e-01
1.523898739681543368e+01
-1.357387924632524445e+00
1.263386609896193313e+01
-2.584790691499675663e+00
5.002775073347704549e+00
-1.682131361369151534e+00
-5.121351591173286533e-01
-8.017325430950321685e-01
1.942204193842153970e+01
1.754905608626710034e+01
7.762249833651909903e+00
1.164909544292880916e+01
-1.651206001586032590e+00
1.320444878502198982e+01
1.923970910636051102e+01
8.194053690179879723e+00
1.764018324932277437e+01
1.336401544472346181e+01
-7.612062166510738526e-03
9.487841986337318900e+00
-3.342445483783117455e-01
1.057615752772360374e+01
-1.790112904859183285e+00
-1.658574469934989359e+00
2.701868634426737259e+01
1.866982206363692853e+01
-7.271973781436698037e-01
1.335903706033209026e+01
-1.732333003845051289e-01
-1.630702304290407856e+00
1.244553353841662791e+01
-2.574738456653966612e-01
-2.288995233511682548e-01
2.019558306015564852e+01
1.414635856753520748e+01
9.042156937346749856e+00
-1.676332639643094646e+00
7.163030208919918707e+00
1.961892273564145839e+01
4.797152189035507774e+00
-8.649713934401781490e-02
-1.519347526609829413e-01
-5.011150567147348855e-02
-1.074356622733310673e-01
1.703362431672974608e+01
-1.015087995662333320e+00
-1.103489806644093685e+00
-1.167941341264591149e+00
1.222305541747347490e+01
-8.537481204085866082e-01
-1.000342384523033590e-01
1.387894090877854403e+01
-6.250061056195508336e-01
-1.849963221920389422e+00
-2.398613889726486370e-01
2.711921280710371462e+01
9.375775321915035931e+00
6.676284775547783212e+00
-7.577596301641684740e-01
4.886256775596293345e+00
5.580154209965204615e+00
-1.498501377092033904e+00
-4.945671528181836418e-01
1.502604049671920805e+01
7.057296259174580477e+00
7.601775099847899675e+00
-2.059046519713739753e-01
2.769155353354130966e+01
-1.008302381461480213e+00
7.819303800243226021e+00
6.521051350480943753e+00
7.010760837180029625e+00
-1.767694260814520080e+00
-8.466597521773561175e-01
7.437699687338032106e+00
-1.715388113782209789e+00
-1.647691366884312059e+00
-6.866259987993357239e-01
1.846322242729064200e+01
1.475817741260612692e+01
-9.397519302478600789e-01
-1.809927913309191672e+00
5.422950380406633464e+00
5.039210810656663320e+00
-1.466543007219371031e+00
1.499395311617182358e+01
-9.438652896327706099e-01
2.330482161666365570e+01
-1.582830619262969085e+00
-1.236750093244404214e+00
1.482698112979764815e+01
-1.500872898972039904e+00
2.097181174479996812e+01
-1.680845532573664647e+00
-2.201809589309658310e+00
8.415974885860784127e+00
6.175402261476297561e+00
1.785567314185744081e+01
6.852207950898165478e+00
-3.630636638899156221e-01
-1.650445464006253138e+00
-1.106359876918136864e+00
-1.442482416284064151e+00
5.082842791783866332e+00
-2.266817240572135406e-01
-8.484623341356056780e-02
7.402843239900737338e+00
6.666721015040075748e+00
8.041059039596914815e+00
2.362593521700235399e+00
-1.443191625248119392e+00
1.925261059690548038e+01
1.088120166118271470e+01
4.234189499956052316e+00
-2.972138781003018648e-01
8.000060530644859114e+00
-1.417212250165488019e+00
-9.819210248115448625e-01
-1.178129301567935272e+00
1.650529863757695637e+01
-7.450839063997849454e-01
2.441777358974562873e+01
-1.218687051408346100e+00
-1.272493238889557343e+00
-9.708810018534002051e-01
-1.280399693876310918e+00
-1.048986967405421078e+00
-1.569751010637958633e-01
-8.830966224441424428e-01
7.813218843572922623e+00
1.098289760152201211e+01
1.698177445451549517e+01
5.181192205331663914e+00
1.065434862658672799e+01
6.860474360792431447e+00
-4.829067814577703288e-01
6.620210980803776124e+00
-1.937012578825546338e+00
-1.002932170340324891e+00
1.038560479373390955e+01
6.927455143625890877e+00
2.451983890904098295e+00
1.300534685397533252e+01
1.569153236266746454e+01
8.239297046363521559e+00
-1.436769775047175290e-02
1.883611433066666763e+01
1.365660732725091009e+01
6.197167735078954465e+00
-1.902593251118250839e+00
-1.549621106120854797e-02
-3.255081319546651586e-02
-3.793771213646802698e-01
-2.551421841551529290e+00
-7.727992202046665149e-01
-1.428397810884278307e+00
1.667159588117708680e+01
1.289687126990275168e+01
-1.274709903869458705e-01
-1.343714371055644508e+00
-1.279219379520706301e+00
9.593440896046534050e+00
-9.943261352036156797e-01
-1.311263854534170381e+00
7.427341280004116975e+00
-1.402455649858341258e-01
-1.849978104444891969e+00
6.681831937509317143e+00
3.042825297660771611e+01
-1.018964974466172180e+00
-1.460361285879507309e-01
-1.477963686096149587e+00
1.209138522523702264e+01
-1.869870158731793186e+00
9.091756231731745075e+00
-1.514384976492575197e+00
9.532469292621378543e+00
1.595844197366298900e+01
1.912379480749830307e+01
9.568623487831295904e+00
-1.026421409704686649e+00
-1.852570778466505752e-02
-1.030939981352941404e+00
1.295162144252601344e+01
-1.428167758325345593e+00
9.331310948759561796e+00
1.035514646279147399e+01
6.073657099921051739e+00
2.010772605191905882e+01
-1.235424736277561109e-01
6.503028081763100765e+00
1.656308884446263718e+01
-2.295248124635359543e-01
-6.075654599380913012e-01
-2.028428739760295585e+00
-3.383134955659294896e-01
-8.104600289329831897e-01
-1.375526421440730562e+00
-9.150075599944413884e-01
-1.497344006494620183e+00
-7.256512778588577461e-01
7.233301553804874828e+00
1.364438125838234761e+01
1.174688585520705075e+01
1.014946062017404849e+01
8.205119768927835011e+00
-1.472642085878062002e-02
-1.005513721780087799e+00
1.056901688589009680e+01
-1.298096622278720025e+00
-1.827400114163774125e+00
-4.649389140586240865e-02
-2.233544988396594655e-01
1.056492607047424315e+01
7.921633687057628492e+00
1.422314954161979905e+01
-3.665213806390159590e-01
-6.382196517186973228e-01
1.058559853798947792e+01
-1.480243680623761549e+00
-1.016149122140920014e+00
-5.079345973949217496e-02
-7.559304783148271256e-04
-5.534491736807111151e-01
1.525181160780219081e+01
5.851643157684546459e+00
-1.252439190191935392e+00
1.365722771584421658e+01
1.665471246192746690e+01
-1.408464374952944631e+00
-1.909894509271379492e+00
7.473366826399091778e+00
2.717613293176543010e+01
1.676606748426857152e+01
-3.747400159764890937e-02
9.390819019548002800e+00
-2.124659767515714393e+00
-1.105027539883635113e+00
5.913405572736119886e+00
6.392071180537367781e+00
-2.007096984511552051e+00
-1.305253362257918548e+00
2.698502285966183223e+01
-1.696586547243191356e+00
-1.904261938925849051e+00
-9.917150708741673260e-01
4.542302827494381745e+00
1.413362634460618850e+01
-1.437495612450012672e+00
-8.652676787503638112e-02
4.377468486142382709e+00
9.064439278258477728e+00
-3.925908933943875745e-01
-1.025723479810974337e-01
-2.109997930074922756e+00
-4.694020611896461137e-01
1.050866689632225359e+01
-1.158527003193379423e+00
9.045642973813267318e+00
-1.525355236835721495e+00
1.451629032532162533e+01
-1.099052113750850657e+00
-1.567785986455562330e+00
2.285179708736150772e+01
-9.198079335082198771e-01
1.060226548026921733e+01
-6.476136496086878358e-01
1.122835352214082327e+01
-1.275276543926451733e+00
-1.701117593948620055e+00
1.925309225003976721e+01
-1.111867450763304843e+00
-2.790087003274651090e-01
1.451743690854066138e+01
1.915059572440057067e+01
-1.015374940100565615e+00
-9.359838764080374851e-02
-3.847234169734496945e-01
-1.902409905508084975e+00
6.000596915292057965e+00
1.727322867191022127e+01
1.765103434886668410e+01
-1.305572173935805269e+00
-7.838745076600934780e-01
1.270317228927548570e+01
9.611481346764012557e+00
1.065915754456831976e+01
-1.331209157818370459e+00
1.356347754078285206e+01
-1.048667614000260428e+00
1.688246170598264584e+01
2.019629758396358099e+01
6.153611426971153264e+00
1.342232352001441420e+01
-1.315220685455207539e+00
1.318211012266179161e+01
5.292989305286289969e+00
-1.338384707052328593e-01
-1.619531208932023736e+00
2.200095942653429759e+01
1.193009448507393166e+01
2.913111630058726575e+01
-1.033115430972028292e+00
-1.920355916893149439e+00
-1.321957078744086189e+00
-8.109863567011144081e-01
7.769352546480527977e+00
-1.733878491307631498e+00
-3.975960528988614628e-02
-2.973010735492218615e-01
-8.310812572204031579e-01
6.942143727915291329e+00
-1.082813262519906727e+00
2.929624738158307817e+00
1.601402443305597245e+01
-6.412105754801608049e-01
1.000858028193289684e+01
-1.435002319223317668e+00
-4.963373790276628394e-01
-1.780864105841984957e-01
-1.492262738809202682e+00
9.182113802921145762e+00
7.450791209853641739e+00
-1.632927881566961670e+00
-2.895555284375993521e-01
-1.722258054031277519e+00
1.343933033368849905e+01
-1.637622690817711169e+00
2.149251679717120922e+01
2.877734354643362025e+01
2.647172955502672398e+00
-1.429003809752527943e+00
-1.794424260665094417e+00
-6.851680863271571165e-04
-2.243393431048997577e+00
-2.038057576886615152e+00
-4.392792825569731274e-01
-1.241973004472398445e+00
1.938089818287250665e+01
8.591481161715378789e+00
-2.093476481287988911e+00
2.790696382030526834e+01
2.799175066360383113e+01
-4.042472108260003472e-02
1.814361830979804679e+01
8.342445085210020039e+00
7.521760575082151234e+00
7.747461453916757890e+00
-1.829641234560094754e+00
-7.229788638439188508e-01
8.468701173505781554e+00
-9.346688409636677575e-02
-8.531820575679260887e-02
-8.400306365942433739e-02
1.715022967192411585e+01
-1.899816424936728865e+00
-4.247554578958053773e-01
2.038669361210273578e+01
1.558957591845529755e+01
7.009892362979056379e+00
-1.886278348437149477e+00
5.747535176968573190e+00
-4.998411659992059164e-01
-7.020628279667817662e-05
1.219871335501438026e+01
2.052991153113861600e+01
1.575263325466126929e+01
-9.263692080127696737e-01
8.541492388980612915e+00
-4.404264778959646742e-01
-1.627215581844422054e+00
-1.258867756999804577e+00
1.693420016722464538e+01
4.360602319798099202e+00
1.304778205715382278e+01
6.312204645243543411e+00
2.153621998012876304e+01
1.323365755452474524e+01
-1.609425526726801503e-02
-1.442557170489972673e+00
-1.479757733557273358e+00
-1.054908248828143158e+00
1.254555145545367090e+01
9.251027235636865242e+00
-1.713542110443338151e+00
-1.984228109519844185e+00
9.779374984310258867e+00
-1.907547489432695365e+00
-5.889473313146372790e-01
1.078763997678863795e+01
8.504723605027749045e+00
7.800708100619696772e+00
3.857482200106244541e+00
-1.120294540085087664e+00
2.673372190470663412e+01
6.942982882437643610e+00
-1.204162650566205528e+00
6.868479277840643604e+00
8.072260140219675861e+00
1.136192447290342500e+01
-3.295737737657871147e-01
-1.170904810753319758e+00
2.595718290394903427e+00
8.577783637011373585e+00
7.980626247950265650e+00
-1.035643245960806702e+00
9.428524396258680440e+00
1.841654832770956673e+01
-2.621281090486653476e-01
-1.401360973673045907e+00
-4.337164589163432504e-01
1.117794281889501740e+01
-8.786035432407748313e-01
1.892069831689384429e+01
-7.166610536189110814e-01
-1.353566452295555500e+00
-5.689750955238995767e-01
1.940526722969991269e+01
-1.555100751040800588e+00
-4.544518876160941190e-02
-5.391179553127414259e-01
-1.582247275670674025e+00
-8.752130782572107304e-01
-1.317104592856485623e-01
-1.540171973945161588e+00
1.086897250051305264e+01
1.537264844108181983e+01
-7.947746920592524411e-01
-6.634203062013288577e-03
-1.825369587690150563e+00
8.418178088446843788e+00
6.117235898049847798e+00
-1.852884991667591796e+00
4.974713863789196111e+00
-1.232454046197300368e+00
1.021600029450322467e+01
-8.524388958630184643e-01
-1.696903389063422196e+00
9.489309421556045621e+00
-4.479955771632964101e-01
1.196517336884538096e+01
1.281061006591048113e+01
-9.996949637190597482e-01
-3.587156418731911600e-01
-1.497909698248730992e+00
3.505645589233693293e+00
-4.856689665498107322e-01
-1.936070757851679369e+00
-8.641112968952424644e-02
1.016851872369281828e+01
2.782703246474031999e+01
1.305962519273324851e+01
-6.816517341919370310e-01
-2.188951820080260013e+00
6.993726471702698788e+00
1.946703823653587051e+01
1.081052018948758509e+01
-1.236874651311926643e+00
-1.469673362189137134e+00
9.588471507950828254e+00
6.736755143992449568e+00
-2.969299767075417318e-02
-7.559805717793297575e-01
1.848762700741894349e+01
1.002911504717325286e+01
2.980402528068650803e+00
-1.984781085012561119e+00
1.099140259968073785e+01
1.115534351003498692e+01
7.111195924546127145e+00
1.361706076943099397e+01
-5.930397015951115458e-01
-6.436200123318839283e-01
8.576770381213036032e+00
-1.649761946019647763e+00
1.846535164918237371e+01
2.997331789408369751e+00
-7.506360199161549174e-01
-1.774802524132086390e-01
6.323567854135322186e+00
-6.283906121249809296e-01
-6.269482483734315492e-01
1.136191012438358960e+01
2.203477404493572323e+01
1.479081311263491294e+01
-2.138127906945425316e+00
2.372378653245939972e+01
1.664979084900058481e+01
-1.658967556024693923e+00
-1.307099264644378644e+00
-1.124829217904691703e+00
1.267998555849387543e+01
-4.601224522039256692e-01
-3.045611673217103466e-01
1.170290344947563455e+01
-1.939875920767738293e+00
1.871431436293148209e+01
2.459514623043185111e+01
1.351197520801071228e+01
3.781873071093446725e+00
1.756271554983020522e+01
-1.573999182554075116e+00
2.479326427809182221e+01
1.402655611930113011e+01
-1.822626434128656880e-01
1.443676476004964115e+01
1.202090401046446289e+01
6.605847545517136155e+00
1.090287512487344124e+01
-1.840861928507218526e+00
9.823123117165984297e+00
1.631296394766171076e+01
-1.958598536357788689e+00
