9.931250529796127324e-01
9.970299004308708080e-01
9.992664296640163535e-01
9.997854811743396297e-01
9.993749341481122928e-01
9.993521889581572504e-01
9.999445584733871462e-01
9.985004239923370717e-01
9.947096553574780176e-01
9.979613327374822207e-01
9.959332838137004984e-01
9.980194952764835925e-01
9.990503129389485260e-01
9.980929327557134245e-01
9.935927918040035056e-01
9.974285833259656231e-01
9.985138801280505350e-01
9.995506995274789919e-01
9.995209222136921534e-01
9.983672544279420524e-01
9.997756759865910059e-01
9.996933583198754913e-01
9.996486990422598362e-01
9.994743957788324584e-01
9.959127408319574659e-01
9.889730131373132282e-01
9.998612638226838101e-01
9.998639985562476351e-01
9.965958873362059656e-01
9.989166586823108318e-01
9.982998301423409160e-01
9.994397544574700198e-01
9.989309325792878891e-01
9.942005032482187366e-01
9.967701610024756187e-01
9.934676278624261503e-01
9.935917319909669532e-01
9.986300670843099025e-01
9.978919309540094096e-01
9.986280512482402782e-01
9.992542913902732193e-01
9.991357237180450435e-01
9.984259136357018782e-01
9.995123035514532628e-01
9.921945693239609954e-01
9.961797911157335150e-01
9.991389175694294078e-01
9.966800084666925796e-01
9.970700734818388478e-01
9.991482623156286991e-01
9.898395318452115621e-01
9.913484082351610160e-01
9.998646257974821427e-01
9.989593946713112294e-01
9.941507726041856063e-01
9.931858453359477812e-01
9.989360083610601126e-01
9.986995611169207088e-01
9.966708018918858381e-01
9.905909224170716953e-01
9.995537864359986813e-01
9.984374859568392324e-01
9.994641224368202570e-01
9.983905711494633906e-01
9.974114777209301952e-01
9.958646052306893148e-01
9.995929338763097638e-01
9.993312304224515330e-01
9.999043793513450185e-01
9.975367372449693848e-01
9.969183574101582179e-01
9.991803712260715065e-01
9.895291434047316370e-01
9.948263382313842218e-01
9.912377347192427024e-01
9.876475172675797110e-01
9.942461100445639799e-01
9.995869684343107187e-01
9.970923557315968244e-01
9.944364981029335526e-01
9.992520346911299978e-01
9.976896864727778924e-01
9.973761579467996796e-01
9.996059017601568453e-01
9.971447372389661279e-01
9.966992837459619503e-01
9.974966131722697860e-01
9.949034342890824556e-01
9.998848438533470828e-01
9.997991721137219345e-01
9.992428824694791212e-01
9.983620385613238835e-01
9.751316395838652840e-01
9.987639336071858498e-01
9.955854010835686330e-01
9.992136926788144358e-01
9.986007422076350615e-01
9.989545862747615246e-01
9.984603590714649091e-01
9.945623712093982771e-01
9.921169742771425160e-01
9.927754880608870014e-01
9.985658229154678045e-01
9.990861929559162746e-01
9.981295403850047876e-01
9.887533801367902608e-01
9.935381306890791464e-01
9.952308301681244140e-01
9.987353415707905802e-01
9.992827188951710626e-01
9.941786462240426170e-01
9.967993986601220158e-01
9.997645840951971952e-01
9.994299190680954181e-01
9.975445924650406804e-01
9.954965459305356035e-01
9.998037980753466947e-01
9.974771246886183773e-01
9.993812130023133067e-01
9.987642079047914789e-01
9.998873161476188320e-01
9.999782300949157099e-01
9.894300870208649901e-01
9.962452164824262546e-01
9.978464774827870976e-01
9.966762915539841838e-01
9.949743389192251541e-01
9.973301135282200969e-01
9.819310353362593613e-01
9.993143775528007255e-01
9.984090965840702880e-01
9.957323694895118260e-01
9.946992442789275302e-01
9.997800825352859411e-01
9.866393325703118888e-01
9.995069297483789583e-01
9.979714543491144951e-01
9.986713725280711440e-01
9.965313747626853846e-01
9.983046931320234130e-01
9.996083380579017241e-01
9.953291730652673586e-01
9.995165687238043439e-01
9.963331553349097369e-01
9.982969161432518890e-01
9.995635675243115248e-01
9.939344989669929298e-01
9.991429700415341841e-01
9.989528064141381947e-01
9.995018075685450087e-01
9.976977985867891974e-01
9.992952423959099439e-01
9.988330266443306016e-01
9.937130390235341393e-01
9.980776636488217779e-01
9.940096456587173002e-01
9.974804732276078001e-01
9.958392660371192529e-01
9.968595482470099522e-01
9.924842492784008430e-01
9.940732293145726484e-01
9.914804719161260937e-01
9.920918569912224871e-01
9.887825491666463185e-01
9.994036118240144928e-01
9.998910067173815142e-01
9.924946470680865440e-01
9.997717107406797199e-01
9.917567159965112733e-01
9.986421971790242491e-01
9.991272121466343581e-01
9.973883923288606734e-01
9.884265462084930176e-01
9.988871303029280835e-01
9.948395808209072877e-01
9.985609604056615574e-01
9.995599771796092048e-01
9.993680634829257281e-01
9.957078694028544952e-01
9.989639752940491224e-01
9.980100415146369031e-01
9.979495853910509418e-01
9.971972289623008967e-01
9.956732636247742629e-01
9.973657297424468604e-01
9.989348267045311536e-01
9.984891249788635514e-01
9.978169198043230770e-01
9.987112510781533947e-01
9.987936716132113091e-01
9.986786024054338240e-01
9.987219687343090735e-01
9.973859007652182695e-01
9.989472030866519692e-01
9.932072190397013278e-01
9.987631015225755249e-01
9.992810747986670128e-01
9.919418774278939699e-01
9.972758691372988205e-01
9.973233919348255538e-01
9.982205319794258402e-01
9.988174728878355113e-01
9.994127833573713815e-01
9.939854552766247409e-01
9.900199153238155025e-01
9.734422641914266539e-01
9.996815662122754409e-01
9.957502302805947281e-01
9.983242581810045646e-01
9.987470308474348801e-01
9.988987330105255635e-01
9.937143273488717732e-01
9.994137711421462456e-01
9.970976384892162869e-01
9.990804109303791369e-01
9.972639036474513219e-01
9.956129533255559938e-01
9.950044820007026836e-01
9.953186830546483232e-01
9.994326401565227780e-01
9.934959255493273078e-01
9.994613950656364709e-01
9.995757767217005041e-01
9.996021153967084016e-01
9.929990275912830011e-01
9.988655570303363040e-01
9.988644645626618690e-01
9.995801961963349802e-01
9.963856407595522713e-01
9.994891552392042300e-01
9.973888725081752060e-01
9.990959521076157035e-01
9.973157638685660187e-01
9.991075003878064908e-01
9.911548061299852996e-01
9.997541525584009436e-01
9.822452221049247090e-01
9.936986868021151498e-01
9.948033948079860744e-01
9.988007293971318257e-01
9.996987135128955204e-01
9.976507237672497252e-01
9.985980151910544000e-01
9.945934377720218045e-01
9.969243466349838600e-01
9.998626465234217164e-01
9.936327959112704056e-01
9.994904034937566184e-01
9.980646182177990156e-01
9.975843888750698385e-01
9.924445794551087774e-01
9.960611180848896185e-01
9.939854789341294738e-01
9.933666704774949396e-01
9.948513837709981322e-01
9.999565937465048071e-01
9.934385939631317219e-01
9.982500111953498401e-01
9.997033730533759766e-01
9.989139052714753886e-01
9.991535161983866598e-01
9.996078035050900423e-01
9.989784190757405868e-01
9.998274864122144168e-01
9.960726508322673700e-01
9.965340120405821178e-01
9.998900452827480523e-01
9.948645944718670364e-01
9.984046593475532916e-01
9.988596564433219749e-01
9.966747290722289820e-01
9.975156421604568502e-01
9.922542904081582682e-01
9.982784067781668158e-01
9.990433364679157657e-01
9.833367044867757922e-01
9.912211693658677936e-01
9.974757275439454229e-01
9.996639732890052477e-01
9.958150833248986533e-01
9.967498883001328913e-01
9.953634938697852874e-01
9.986169934175825880e-01
9.988547063353028221e-01
9.994677914142541253e-01
9.989920230458063655e-01
9.993033776424141701e-01
9.958643943310053759e-01
9.973620897112404071e-01
9.999594193653819074e-01
9.984249874796405910e-01
9.951039332568797358e-01
9.972117837198414270e-01
9.971733281140492400e-01
9.998980325860810092e-01
9.998951572329428661e-01
9.983614034404862947e-01
9.974012799464498924e-01
9.991791820651229061e-01
9.993995885589920247e-01
9.966098210937944790e-01
9.991458932623329403e-01
9.924559930167301536e-01
9.983760565329211634e-01
9.936081357685508930e-01
9.997869216964202499e-01
9.984648685018626679e-01
9.953069324049861333e-01
9.952096117821381815e-01
9.989959066137271693e-01
9.987705862378570831e-01
9.995474116062270653e-01
9.951384759002726010e-01
9.979310690727533073e-01
9.999092050387236030e-01
9.864632018253364221e-01
9.976278695028950594e-01
9.943224525913506584e-01
9.996835971621391703e-01
9.962567548314743560e-01
9.985915292689755418e-01
9.992446148815583573e-01
9.991240219434395220e-01
9.986717691136961506e-01
9.965719685005306472e-01
9.986493243214029647e-01
9.965159377236147975e-01
9.956975616856640343e-01
9.993490784258730608e-01
9.988700999503831168e-01
9.954786230347921760e-01
9.982845603953722780e-01
9.972051260638058467e-01
9.995528705938367953e-01
9.957377644961253882e-01
9.974674473749195469e-01
9.996087721279537375e-01
9.991686099456206227e-01
9.970924016603900375e-01
9.931753700224095205e-01
9.960991879137875982e-01
9.996673326481422261e-01
9.964135040638846252e-01
9.984085459257995288e-01
9.968156218877777253e-01
9.967134901358929433e-01
9.999615722303278886e-01
9.991074891453994855e-01
9.925782633928558196e-01
9.955022693881925289e-01
9.927024381904193673e-01
9.942597742256260585e-01
9.961019081472973768e-01
9.985849561377238004e-01
9.974044427754583664e-01
9.995280565008922702e-01
9.974204803249241413e-01
9.941864506853754779e-01
9.995881022567080221e-01
9.987490176683977428e-01
9.935586453758328274e-01
9.958938108061959893e-01
9.987626571803346343e-01
9.959137027603907066e-01
9.998144497935356201e-01
9.963502181197859686e-01
9.957352140704430754e-01
9.987671402397665377e-01
9.974451051609376506e-01
9.974477960525436337e-01
9.992681213908256588e-01
9.998231373272190581e-01
9.974193633580564766e-01
9.898317376284904157e-01
9.967466733288136149e-01
9.931289484372811671e-01
9.941048115454116374e-01
9.931646635603469386e-01
9.992230521865327342e-01
9.951429150557408176e-01
9.989516425558292445e-01
9.951402993209571557e-01
9.991379050272098938e-01
9.973457722313868734e-01
9.972142832612371777e-01
9.967716829423930447e-01
9.980219330832373892e-01
9.866037641131387703e-01
9.981682629232697668e-01
9.973899337675417032e-01
9.930501264048749999e-01
9.994562298459997995e-01
9.941101920912884804e-01
9.919605907588090465e-01
9.880213658518535169e-01
9.998682833628598221e-01
9.985351915151904345e-01
9.968112443315354509e-01
9.965897359733925098e-01
9.987846258346958495e-01
9.996978934576039588e-01
9.985017011081549487e-01
9.994799533397246138e-01
9.876619723382975558e-01
9.997771641526795872e-01
9.951164015056487289e-01
9.998739599458296157e-01
9.959789271813729306e-01
9.977824907848131808e-01
9.946072940375556559e-01
9.995939046520766480e-01
9.988479212564485010e-01
9.943347313298404044e-01
9.990464741277272909e-01
9.985028793321397700e-01
9.987903037630297964e-01
9.987436269753522389e-01
9.986015869359687880e-01
9.970846070091821112e-01
9.996935446979029471e-01
9.983800288177093751e-01
9.966859373317040749e-01
9.997111840336804223e-01
9.980739923544861281e-01
9.958553151395383995e-01
9.969996140445737121e-01
9.988181411632498508e-01
9.957269655815346177e-01
9.977957452396682969e-01
9.988501386167771834e-01
9.961880609139485143e-01
9.989828862702595513e-01
9.979478079899829490e-01
9.988594662740464258e-01
9.985563308624847423e-01
9.956350219575801352e-01
9.994001649797567000e-01
9.913803565822516539e-01
9.988460861652967981e-01
9.989763304777751207e-01
9.984344938885612031e-01
9.993818208165656802e-01
9.958021792860610732e-01
9.917672540586175423e-01
9.948240096340096317e-01
9.999761363695686134e-01
9.982706461935487718e-01
9.998772428057328687e-01
9.987003933753033635e-01
9.976886883989189991e-01
9.923467375735176565e-01
9.991530477023488066e-01
9.959379363252788275e-01
9.977325495306232916e-01
9.927601784319761702e-01
9.997331062044458871e-01
9.996754132293332873e-01
9.966399876318950968e-01
9.999279414066817306e-01
9.951825714964902536e-01
9.968187280287164054e-01
9.906843685902224639e-01
9.994920833158500439e-01
9.991160616553185214e-01
9.990709754112974128e-01
9.987086127647597511e-01
9.973705638861305456e-01
9.973680548855896610e-01
9.971991405050820712e-01
9.997772695783765373e-01
9.997006131628130010e-01
9.980846277773356423e-01
9.997550584608820845e-01
9.979334201589101783e-01
9.980275559294942145e-01
9.987226482342321798e-01
9.996810060184251334e-01
9.987924119292550529e-01
9.990598138169052289e-01
9.989306438129799126e-01
9.960217534827238151e-01
9.996233588477502208e-01
9.999101803811359934e-01
9.975738843044591464e-01
9.921164567181037786e-01
9.989723132217561696e-01
9.998829488736574733e-01
9.995773563632073255e-01
9.992506336649882304e-01
9.960297239660653723e-01
9.965421455422217578e-01
9.990223322404487849e-01
9.999599950314442820e-01
9.994810312634386795e-01
9.988627298119986397e-01
9.994831011514633268e-01
9.992289852794220550e-01
9.991452934876148273e-01
9.993896269541392430e-01
9.887954105871475941e-01
9.900497398735215171e-01
9.979455933610147378e-01
9.908136119369945760e-01
9.998953435726396499e-01
9.969533756647268596e-01
9.985871498977090255e-01
9.959959361881728368e-01
9.927573082968332852e-01
9.970649797985386975e-01
9.972012447368131527e-01
9.969798459499117360e-01
9.969405686431886959e-01
9.991170292695434885e-01
9.966191947318597810e-01
9.969065679694536497e-01
9.996493587473352926e-01
9.984001377636455565e-01
9.965496248566917403e-01
9.991082502005623756e-01
9.994504765494909293e-01
9.986334798416746095e-01
9.998093655500365218e-01
9.966450604830643378e-01
9.967264858593319898e-01
9.863370776820082897e-01
9.995909828055413726e-01
9.996811771278550918e-01
9.990190142979781251e-01
9.931842937439673280e-01
9.981960189468448430e-01
9.993649969921021281e-01
9.983645104314492480e-01
9.991950284788286840e-01
9.995683118130263001e-01
9.986987661099705482e-01
9.994057270910451374e-01
9.959244599091935379e-01
9.991428807302231707e-01
9.931866790289947122e-01
9.979365501008764516e-01
9.990812771850120511e-01
9.985625020797697093e-01
9.852299468655303372e-01
9.948762139838831509e-01
9.991245019277652517e-01
9.905916919942843180e-01
9.966821164126450361e-01
9.955655539579885138e-01
9.989452800191341852e-01
9.908915401533779921e-01
9.964226516914057585e-01
9.958450025181354581e-01
9.980580190552786890e-01
9.815003099522179308e-01
9.978448979720263567e-01
9.995800086621824398e-01
9.985305314115398012e-01
9.987809305538096760e-01
9.993031977519051257e-01
9.997617786910943938e-01
9.958572613844856036e-01
9.921587030582340594e-01
9.967653478559391766e-01
9.969257927268978525e-01
9.998617076342344312e-01
9.982549956805325531e-01
9.999239405948332493e-01
9.988504325733372768e-01
9.922131264317780586e-01
9.977401520232559440e-01
9.998285941265987464e-01
9.994787206098348920e-01
9.975123627741139254e-01
9.990930992683200174e-01
9.999751787448829532e-01
9.966799188138782961e-01
9.940943658697474206e-01
9.982032625498475920e-01
9.895139376473381931e-01
9.876405634611162832e-01
9.961926467466377666e-01
9.979390388792092059e-01
9.928719544739645908e-01
9.989270625655768399e-01
9.996596177023426844e-01
9.991719925786982648e-01
9.994590113557739741e-01
9.989517269878097627e-01
9.957044821753054942e-01
9.994619458352571595e-01
9.999553080020037177e-01
9.995828627133186428e-01
9.972750473576568186e-01
9.871637106080849433e-01
9.981911923926122254e-01
9.973259052269107805e-01
9.996124559261490017e-01
9.972656957514185461e-01
9.850257844345048364e-01
9.985222072554998940e-01
9.989166284623554048e-01
9.999932263811200928e-01
9.873780427970328955e-01
9.978206917630818573e-01
9.982753067909275746e-01
9.942123799996193112e-01
9.952969292208353469e-01
9.988320420588342463e-01
9.997549597389638887e-01
9.997711729091115496e-01
9.968528113551206049e-01
9.996193940559006119e-01
9.996463559661444842e-01
9.975197236402927325e-01
9.980748583955080244e-01
9.979270228672114662e-01
9.980387501812394424e-01
9.872898039927050506e-01
9.945193882504647087e-01
9.897191160174156899e-01
9.997079005019632314e-01
9.983209833332520322e-01
9.985062673748824613e-01
9.924389644902911201e-01
9.993100763395018626e-01
9.999784686069770334e-01
9.994720494262606669e-01
9.955746642959595327e-01
9.992685271981721629e-01
9.963968608782125536e-01
9.960969798256432695e-01
9.999312001191139609e-01
9.928486981456075000e-01
9.908638931919666604e-01
9.864605564268467131e-01
9.989378126633926547e-01
9.907541170121237917e-01
9.989415195866538921e-01
9.989639726658208208e-01
9.995180517670687603e-01
9.984095321401109668e-01
9.961359706035792794e-01
9.907757060369889457e-01
9.999126356771347313e-01
9.999863390659768925e-01
9.990262561892453430e-01
9.996292092347360825e-01
9.977909689483792643e-01
9.984754004895277646e-01
9.969899245112607833e-01
9.865038031581243594e-01
9.993675238709223141e-01
9.984885386278135044e-01
9.912963693080064642e-01
9.999416459899229670e-01
9.982750215783920966e-01
9.996082436340366639e-01
9.992955557418299328e-01
9.980483880856145795e-01
9.992003986277501193e-01
9.992303136839290056e-01
9.997997322798355402e-01
9.968289918989251541e-01
9.901824612604385178e-01
9.994357455014991620e-01
9.998901600799757761e-01
9.998720186733369708e-01
9.965995715295480339e-01
9.956929958676384862e-01
9.997740509626769079e-01
9.979419434132494882e-01
9.997873640903665038e-01
9.980817713662192281e-01
9.888516429191408497e-01
9.964011579767668714e-01
9.966128946215070394e-01
9.875966458802158954e-01
9.968095761331157156e-01
9.963263300118659904e-01
9.971889859560492120e-01
9.999767853871831536e-01
9.947547641410232622e-01
9.994877016577157214e-01
9.981781099492035292e-01
9.952367058459212767e-01
9.964083593509052150e-01
9.983173952938921847e-01
9.973824810116509454e-01
9.993730636553636026e-01
9.927779416657579459e-01
9.983212861296841822e-01
9.985529383087190514e-01
9.947358158217368684e-01
9.964977702733466280e-01
9.983037342739126130e-01
9.852875054588313697e-01
9.961785736152579673e-01
9.935727995670378121e-01
9.926408005287585823e-01
9.973229328625116130e-01
9.995269776395711014e-01
9.994212222667977485e-01
9.978414533163796341e-01
9.909260665285853920e-01
9.998928359952570233e-01
9.997462221085356981e-01
9.973431337249432094e-01
9.990822537166628159e-01
9.960919094970835941e-01
9.984005932179058629e-01
9.943673784769383461e-01
9.994783032631333608e-01
9.979098147558693732e-01
9.969238817047345602e-01
9.997047261872036295e-01
9.996215129150867185e-01
9.963363510147641433e-01
9.957877784500337448e-01
9.959414273569764386e-01
9.975386355522255499e-01
9.990759443825885100e-01
9.981109012248334800e-01
9.973477339901505312e-01
9.982698297204392057e-01
9.978833390153688532e-01
9.995511255136675377e-01
9.986113364467007480e-01
9.993944143625328458e-01
9.977783104182841312e-01
9.983200909968351633e-01
9.957128893164036709e-01
9.997954459452216280e-01
9.998573870620302007e-01
9.999922065831337026e-01
9.922686219933370966e-01
9.998278010699143126e-01
9.991794325909425512e-01
9.966473076535761200e-01
9.939141061166132385e-01
9.947493770682044323e-01
9.983587217607253761e-01
9.872172398143322924e-01
9.976783252105320132e-01
9.972535156095035935e-01
9.985264882151927424e-01
9.935149169290404814e-01
9.939586949393983684e-01
9.974498176585093745e-01
9.949967306630103092e-01
9.990320488297801393e-01
9.991026180755767649e-01
9.969851403292844250e-01
9.989510523989092450e-01
9.867958286312988880e-01
9.797145178185663328e-01
9.970825286300841750e-01
9.907418053129181112e-01
9.900349587777219629e-01
9.997157198595701955e-01
9.936273307280804046e-01
9.989658293494482200e-01
9.991488475361909316e-01
9.983471537450800959e-01
9.986848907134820985e-01
9.980084742651704754e-01
9.971269389590506904e-01
9.901813618510963977e-01
9.973445891677185093e-01
9.997530499952199667e-01
9.981582761569343099e-01
9.985511524889808532e-01
9.972254656576690079e-01
9.991763007502171279e-01
9.895869512669877022e-01
9.967326158413202242e-01
9.947829913805056323e-01
9.939345545044911967e-01
9.994683211018314806e-01
9.993938546390529476e-01
9.892073850512441702e-01
9.995126710431562200e-01
9.968647711711754456e-01
9.983388578405222313e-01
9.994399191799422377e-01
9.971555266039499044e-01
9.911399690737856538e-01
9.985916411207329535e-01
9.993534448296521600e-01
9.998851030530329087e-01
9.984157218934581746e-01
9.920953636648560670e-01
9.987613589532962077e-01
9.968240569300104159e-01
9.975479330423360214e-01
9.991180283006266816e-01
9.954864393355453700e-01
9.939330996075065316e-01
9.996999151486763990e-01
9.999668045534969574e-01
9.884838835816152081e-01
9.991044058741804790e-01
9.999035872872300557e-01
9.980021996927380679e-01
9.988934848369046549e-01
9.999643331303050831e-01
9.995487968761094244e-01
9.991895869609196401e-01
9.998148089069288647e-01
9.946191290950192609e-01
9.953496616982279166e-01
9.986650583684770766e-01
9.993833530220285200e-01
9.990153861899128129e-01
9.973893072592342479e-01
9.998312805351982080e-01
9.973212544610480235e-01
9.961411171458145475e-01
9.970451035555706332e-01
9.966241589175157678e-01
9.992595363879939185e-01
9.990488113960900307e-01
9.991014504832542720e-01
9.959613078011110288e-01
9.898829563015982824e-01
9.984262505050029990e-01
9.978104762660475746e-01
9.987384932167564511e-01
9.998290723842769845e-01
9.964745317477878839e-01
9.950700961993130811e-01
9.965406860660768196e-01
9.845571567415254410e-01
9.977867167218662514e-01
9.911950018518352890e-01
9.968963947169041662e-01
9.884034546659032916e-01
9.962438548143726091e-01
9.891413187625953674e-01
9.984209033417396073e-01
9.952569474081600642e-01
9.958318596325540506e-01
9.837521268903038907e-01
9.991830567348719550e-01
9.968452470608094584e-01
9.978550627782798443e-01
9.989212247612203610e-01
9.969768055172795185e-01
9.998006158004364430e-01
9.995193521214176258e-01
9.961060101219894047e-01
9.992782645841574718e-01
9.942311928926036435e-01
9.994416398051690908e-01
9.968936817806638429e-01
9.853845018828519819e-01
9.965946470599889029e-01
9.993900303580149913e-01
9.938034109747766465e-01
9.994608315751167815e-01
9.995030890489222664e-01
9.999361095689476286e-01
9.988897481179184190e-01
9.916832813210090247e-01
9.998464207652080216e-01
9.987015453008297738e-01
9.995572327951363079e-01
9.941573841351322161e-01
9.990580607102040878e-01
9.952604066290032803e-01
9.996621917694921144e-01
9.953341794285789357e-01
9.876752408949659445e-01
9.990125413857865455e-01
9.954519805070216609e-01
9.948501491765262550e-01
9.999893278051218415e-01
9.949669538591309204e-01
9.985049324471338972e-01
9.944680780490053884e-01
9.923721885444094504e-01
9.945524500543250213e-01
9.975223178681332792e-01
9.996703153712256373e-01
9.968614806883350221e-01
9.995997870752374448e-01
9.994174448392995069e-01
9.980973464015100438e-01
9.985143297589886835e-01
9.991280425116231267e-01
9.966143345624481897e-01
9.980033815448270396e-01
9.996163672129083633e-01
9.996787787783765200e-01
9.945744440573448530e-01
9.922883890389272432e-01
9.890732024060956418e-01
9.960700323217834828e-01
9.984444830422674055e-01
9.992621343429518577e-01
9.995756753043059106e-01
9.987192103688650180e-01
9.971908090242144196e-01
9.970710654685462915e-01
9.987250878694924339e-01
9.988132408001777485e-01
9.939828027998371951e-01
9.997837154954895000e-01
9.958684871862348853e-01
9.964220676109991626e-01
9.989776335699036558e-01
9.991259388871820413e-01
9.984168636247556794e-01
9.973941660253310415e-01
9.941058993278529821e-01
9.991236854378419130e-01
9.968278750166186253e-01
9.986263951830970376e-01
9.910761770200631204e-01
9.997159830048599760e-01
9.955772570896853635e-01
9.988460059887430686e-01
9.998121585611884354e-01
9.978728517028463418e-01
9.932074286252891016e-01
9.992300855383743352e-01
9.921842617603274794e-01
9.952386064524397780e-01
9.996503671480819753e-01
9.967086597085743627e-01
9.993379621603332152e-01
9.994301950913659915e-01
9.992747508483661445e-01
9.987911143920683577e-01
9.958845733662127220e-01
9.974245430785804167e-01
9.938574282387345749e-01
9.965475167642673382e-01
9.997829545463654544e-01
9.992862494619138003e-01
9.999531706728653768e-01
9.945750275977609522e-01
9.905356750176721459e-01
9.995394297727457911e-01
9.997866757709167329e-01
9.988344406537232878e-01
9.989616639882625826e-01
9.982897117014519761e-01
9.983718544177645482e-01
9.952218046690302078e-01
9.971458361400113990e-01
9.995305301603957249e-01
9.973211685440303009e-01
9.937245718408610484e-01
9.948544022976818502e-01
9.988633308044894132e-01
9.990229739407701093e-01
9.975946589617717963e-01
9.967630977806091197e-01
9.986273646216585753e-01
9.967992183201650480e-01
9.988665295904753938e-01
9.966351058700148036e-01
9.985978069656904488e-01
9.922502796466379227e-01
9.983686657455848046e-01
9.997001438908941218e-01
9.956296730423879193e-01
9.979561480245365823e-01
9.991090233107700058e-01
9.913940350902706866e-01
9.890126068181661623e-01
9.995112847967358993e-01
9.970816972926777044e-01
9.999828702570661143e-01
9.977559059178103817e-01
9.992212777132887247e-01
9.992108513850184170e-01
9.906292949290296246e-01
9.889589019864351016e-01
9.991126438854490699e-01
9.987850221897903724e-01
9.993885863001461534e-01
9.982414474515777236e-01
9.993706804289546053e-01
9.696919743753330545e-01
9.991108492278071296e-01
9.956465760899478878e-01
9.975291590760003713e-01
9.898919948392982393e-01
9.986495786226728955e-01
9.978064882535820912e-01
9.890280271822097236e-01
9.982150353844436719e-01
9.986736388253873997e-01
9.988599002343766520e-01
9.992503351764591146e-01
9.979397380332061251e-01
9.999337240918255709e-01
9.996789346502124030e-01
9.995846987496829206e-01
