9.992198334402437876e-01
9.932973997499487950e-01
9.999599022179921359e-01
9.967087555716428460e-01
9.956410107256683517e-01
9.999863051748918430e-01
9.949412898969280938e-01
9.977675632721237919e-01
9.979465160044501681e-01
9.951129475289772763e-01
9.984654340669567585e-01
9.994472407345839082e-01
9.978229548061234855e-01
9.979382226168480585e-01
9.937497571021968179e-01
9.995033282125709295e-01
9.961190622060409616e-01
9.984753573443829744e-01
9.995088335719879424e-01
9.910052082067516421e-01
9.993065762786549344e-01
9.984599267768387021e-01
9.947545953687284559e-01
9.952043015173235307e-01
9.999956986462961162e-01
9.956712289220324141e-01
9.980002904061443525e-01
9.985151411348167638e-01
9.935108527437586101e-01
9.973343693097126428e-01
9.999016332253178874e-01
9.987943349270796967e-01
9.979620376081259625e-01
9.946903000137278239e-01
9.983865065203715305e-01
9.911536234435889270e-01
9.995790103689511374e-01
9.998594881399033296e-01
9.977702952573989092e-01
9.975416134274387447e-01
9.986451913491031229e-01
9.993994702746203940e-01
9.956639465986659721e-01
9.963132459638048832e-01
9.959239082228279472e-01
9.976292121414154224e-01
9.967468900577219904e-01
9.994477975561691929e-01
9.983054132801727487e-01
9.995968184345452867e-01
9.945219332004505697e-01
9.959507781596722564e-01
9.990857035632052519e-01
9.995171267037931129e-01
9.988468726566980260e-01
9.947549014183276750e-01
9.994095769110552530e-01
9.954300267676428060e-01
9.930329108477763400e-01
9.999925234553880271e-01
9.987833964315467883e-01
9.990157048647623217e-01
9.996435819149850355e-01
9.999410103311588971e-01
9.963410271590675826e-01
9.948604565898464536e-01
9.980704590780190566e-01
9.991310512113159570e-01
9.962397372280893393e-01
9.946624013713135648e-01
9.967526127472658981e-01
9.973116182905700233e-01
9.972902187135892493e-01
9.997655162715628485e-01
9.958617494765582556e-01
9.987042676893781445e-01
9.967509578207977006e-01
9.999409698155997672e-01
9.988352457789339001e-01
9.781736405887310193e-01
9.999492258844200343e-01
9.981875479441219001e-01
9.977018675210788112e-01
9.980961304554298863e-01
9.977266123746704185e-01
9.986318762463227694e-01
9.988125513940129263e-01
9.971634941600772128e-01
9.963969860169709092e-01
9.915702031978835818e-01
9.980413579093688758e-01
9.976508867392389623e-01
9.984513012938143195e-01
9.998296262530870226e-01
9.941576036695122243e-01
9.989514169283015832e-01
9.996765526313461381e-01
9.975077809284608188e-01
9.936720868053158240e-01
9.940877308231556020e-01
9.904523407479520758e-01
9.988557398540486298e-01
9.978260793567118592e-01
9.982163381371854660e-01
9.937064641959381106e-01
9.999131525687378064e-01
9.885744613473100850e-01
9.965938398514437857e-01
9.979166480892690538e-01
9.985477096268909891e-01
9.963783686013305552e-01
9.952198823065971922e-01
9.945542251108169252e-01
9.989867286422869919e-01
9.953723994476006975e-01
9.996085970227538420e-01
9.990742323109521594e-01
9.930867632921568378e-01
9.991479854091666057e-01
9.997727867788662737e-01
9.979462161744779847e-01
9.992406075193501769e-01
9.995512528438653677e-01
9.995729627312678334e-01
9.992070691712567898e-01
9.984904636513799447e-01
9.974124026678573562e-01
9.919899962010745309e-01
9.997479691183179806e-01
9.992585892047846086e-01
9.998617915486732732e-01
9.966387686569506688e-01
9.989051484851995122e-01
9.925208371832514587e-01
9.996819220377263226e-01
9.970435386878496731e-01
9.993845111464600972e-01
9.962311398487136982e-01
9.999576990370225849e-01
9.991451398088494473e-01
9.976447309257696627e-01
9.973660642234941642e-01
9.992858835343717550e-01
9.930087342661750860e-01
9.981688597180684575e-01
9.994340099034221270e-01
9.918178787797735652e-01
9.972601020769915614e-01
9.995359151502807293e-01
9.966030576525134466e-01
9.998422971566313100e-01
9.995475237120082790e-01
9.950735669539069184e-01
9.956533504565521220e-01
9.976527516269517726e-01
9.996997565463342506e-01
9.993578954031993034e-01
9.971654204895606943e-01
9.992191675431117970e-01
9.925882456044698987e-01
9.952197701873370939e-01
9.943048894637857016e-01
9.992340621963479164e-01
9.986425011789291650e-01
9.963932158310884191e-01
9.983519271976696308e-01
9.983951962328779794e-01
9.990649454758346870e-01
9.997048658897836892e-01
9.982406381404314022e-01
9.993844567049058325e-01
9.992798313020695433e-01
9.986848565692759694e-01
9.997443730568812414e-01
9.980633967254420869e-01
9.981158387633678464e-01
9.743221331588068912e-01
9.954599267764466797e-01
9.950126788003961220e-01
9.964677644533820322e-01
9.921426980264557161e-01
9.995782278794013154e-01
9.990350576723273646e-01
9.959363910031630018e-01
9.986565553310615684e-01
9.965938885491143484e-01
9.975357235746682427e-01
9.980303292107849389e-01
9.961406792328267867e-01
9.947192881638798889e-01
9.970635951497258676e-01
9.985545789763671243e-01
9.941740660583177069e-01
9.849690179169666715e-01
9.999759324075098155e-01
9.999965789967107943e-01
9.918493749508781043e-01
9.936608588803295117e-01
9.980954753581783301e-01
9.985768020816598867e-01
9.975692701206633206e-01
9.992417080279666353e-01
9.981536317731702912e-01
9.879911608803657597e-01
9.987101456086595608e-01
9.963889915986515744e-01
9.948062783534732390e-01
9.952442986438388983e-01
9.974540709262411653e-01
9.979572678909772732e-01
9.984364810020811554e-01
9.988899646181039760e-01
9.990938511736827676e-01
9.986819512240946439e-01
9.997343475841027338e-01
9.999627788599405598e-01
9.989503263110793840e-01
9.955090198901299647e-01
9.966084294541593946e-01
9.985611618396637024e-01
9.918301117736855188e-01
9.996332782808799999e-01
9.944988521742442744e-01
9.991091705307161286e-01
9.981440502517535673e-01
9.891569544562119898e-01
9.996698589355866860e-01
9.998367067892809379e-01
9.972394586247708137e-01
9.982306897482389196e-01
9.979571969317119207e-01
9.872804922863579469e-01
9.988481269149117603e-01
9.976270148979506924e-01
9.975132108876542114e-01
9.868114808006791527e-01
9.990637267168726021e-01
9.992745454166803709e-01
9.964971598384456675e-01
9.989356664188804302e-01
9.960038885803821351e-01
9.999212889557917983e-01
9.992696553301397833e-01
9.979974460869031061e-01
9.996161968070744752e-01
9.995313106329214436e-01
9.863962969190728236e-01
9.959625074368149145e-01
9.985676706573364259e-01
9.996950095266579073e-01
9.978901103274316897e-01
9.938784726835607763e-01
9.958340011796124047e-01
9.850207319325138267e-01
9.967462526223771491e-01
9.992073277951663002e-01
9.995442465354430484e-01
9.957529209083855193e-01
9.973547920241176978e-01
9.964229794064120016e-01
9.970414604206042641e-01
9.824063915088155907e-01
9.992822033046863117e-01
9.992058668852409342e-01
9.986800260714697730e-01
9.957845514256780106e-01
9.974332795777440808e-01
9.978534145317797810e-01
9.971933939813824033e-01
9.976304270301890043e-01
9.984516755313821434e-01
9.958132913457918844e-01
9.980751228331251612e-01
9.970446344008454531e-01
9.995636687312600133e-01
9.993311267309140655e-01
9.991443496126334312e-01
9.965347216591742274e-01
9.989727385295891215e-01
9.985205833733975522e-01
9.995920670521114548e-01
9.993248138198521646e-01
9.885556697378594659e-01
9.962165496795213349e-01
9.941105486471060182e-01
9.976236691219113606e-01
9.987066429139153101e-01
9.999908827358844343e-01
9.944629974573164777e-01
9.903012579935465132e-01
9.990654540073479195e-01
9.972527919020697240e-01
9.973728080960201359e-01
9.991113361465305820e-01
9.945665398419197833e-01
9.962058503762741823e-01
9.964618511209437646e-01
9.989312116855559864e-01
9.997317504827505363e-01
9.989167854593556939e-01
9.998327195315616089e-01
9.981426622403924975e-01
9.948027326936864645e-01
9.953885837668631220e-01
9.918513689504131481e-01
9.954258406774442181e-01
9.902011358145037523e-01
9.942585375188692787e-01
9.994335137831131810e-01
9.967040461711597077e-01
9.909513644392508036e-01
9.972630728426244984e-01
9.994248110224212001e-01
9.997830813520067750e-01
9.946071546835817401e-01
9.939599493979389688e-01
9.964412624260442497e-01
9.984610854469486707e-01
9.991094184954937285e-01
9.996817970291629329e-01
9.920405438556023636e-01
9.998776854573508954e-01
9.884236416800917802e-01
9.990551824762253785e-01
9.940750544247271003e-01
9.987683532946182163e-01
9.941846222929573429e-01
9.967051464104356162e-01
9.954963486623537028e-01
9.976422867055169119e-01
9.989580890994091966e-01
9.976987206999098357e-01
9.993102739933849010e-01
9.942728868247268093e-01
9.852514681013664344e-01
9.957240911497020619e-01
9.986326205534457046e-01
9.982252180346438131e-01
9.992724498742038275e-01
9.917791085842203591e-01
9.990347583425490674e-01
9.929237780788811030e-01
9.999680203306220427e-01
9.967875240319437058e-01
9.996053986526053370e-01
9.990578458564780551e-01
9.967140947993458067e-01
9.941476131388207182e-01
9.972291845952957479e-01
9.967402948547415820e-01
9.982314735225549240e-01
9.993775772193869145e-01
9.983603601344362977e-01
9.988636766791273436e-01
9.998968108682724232e-01
9.939621693042653972e-01
9.960382988705348550e-01
9.974213812130551249e-01
9.987996031935455488e-01
9.988633424537701755e-01
9.979701343385334322e-01
9.993788923473158059e-01
9.893999891957324655e-01
9.982471594718252961e-01
9.993103678497811115e-01
9.999193599987152847e-01
9.987250311693550708e-01
9.991077998228848900e-01
9.997769054073553097e-01
9.989775398983815613e-01
9.988663315900481177e-01
9.983033986208345034e-01
9.910611036796068696e-01
9.965659412745463408e-01
9.951714994741740483e-01
9.939971228394800518e-01
9.963510505112824767e-01
9.977551424194540663e-01
9.976465500421191068e-01
9.852658681442709732e-01
9.897277367478295451e-01
9.916146978761181119e-01
9.954417894525136035e-01
9.979227767767162582e-01
9.972004113595384078e-01
9.973143330974197918e-01
9.993819608015146461e-01
9.974150471154492603e-01
9.950037256506329975e-01
9.993614065983325023e-01
9.922809359526860717e-01
9.990948944225929162e-01
9.988308754943924228e-01
9.937872564512129081e-01
9.970038624573540620e-01
9.984121172683700918e-01
9.969998527451655601e-01
9.975802823679713605e-01
9.997232644295168669e-01
9.944190872135599824e-01
9.860912840813801372e-01
9.970328428687645905e-01
9.999929359906004622e-01
9.989561606074129907e-01
9.946140196306669790e-01
9.934553297543124994e-01
9.989529865041986145e-01
9.997871324952989358e-01
9.994665691956846620e-01
9.972159688441671888e-01
9.988733503306166384e-01
9.971781964805316312e-01
9.992103659943583072e-01
9.988324854769116135e-01
9.960356779456555065e-01
9.920679849081702750e-01
9.976661227501328888e-01
9.985583374874398288e-01
9.977006007379946029e-01
9.980544119303512707e-01
9.983464356409842422e-01
9.970425225084807996e-01
9.915361064765135790e-01
9.961090442389380906e-01
9.972037032546609003e-01
9.990061179639372346e-01
9.994293519112719126e-01
9.978484003755041520e-01
9.995999491844763662e-01
9.973003709364784974e-01
9.982905420166429122e-01
9.974646525752398629e-01
9.999117040781330124e-01
9.977903755750341386e-01
9.961706175502537119e-01
9.964396406810170914e-01
9.978296703434654802e-01
9.994880384319196898e-01
9.998914682726258718e-01
9.998790095751155516e-01
9.996866457497893821e-01
9.962020219164994250e-01
9.885333971149995458e-01
9.985612715824369046e-01
9.983077818424986871e-01
9.988712276664323264e-01
9.956536368897299649e-01
9.886271995727988759e-01
9.997003089177277646e-01
9.995483592809528695e-01
9.958607655535225422e-01
9.999828291375063571e-01
9.975910474731300992e-01
9.999407266718581822e-01
9.989138769604022361e-01
9.996253963481355198e-01
9.955022271010086632e-01
9.946905973806697832e-01
9.953269975968304095e-01
9.997416103996811243e-01
9.984868508646923546e-01
9.996688590187308154e-01
9.971123232145614468e-01
9.981678618198147612e-01
9.977276230193590223e-01
9.931769228091008594e-01
9.916982529599458474e-01
9.997711146897680923e-01
9.959478157903749462e-01
9.966161751669857516e-01
9.998245188362084868e-01
9.869081233491113769e-01
9.995890819167142505e-01
9.980565510870671453e-01
9.931562504772074584e-01
9.950059556047974318e-01
9.963325755349903279e-01
9.971600768441436502e-01
9.985493991160402372e-01
9.997730714252438533e-01
9.991686336987362083e-01
9.992565879719872424e-01
9.938264037055143385e-01
9.949743319650562468e-01
9.970213810462165149e-01
9.924713249577389318e-01
9.968740531452049414e-01
9.891654776678163730e-01
9.853982030191263952e-01
9.916148605101336999e-01
9.986920632266810260e-01
9.952037827503551481e-01
9.995910104223748593e-01
9.979578899432259842e-01
9.994502404643557103e-01
9.987669473434928058e-01
9.967854941639379129e-01
9.884012866330837976e-01
9.920116202151842977e-01
9.970427218216342258e-01
9.957792051875525852e-01
9.995530994853538687e-01
9.931444045568597057e-01
9.880286814797736294e-01
9.950007831425266014e-01
9.996939416611166918e-01
9.974705291382500727e-01
9.961607671100433103e-01
9.996000799872268860e-01
9.955714917624790550e-01
9.984591310969789246e-01
9.990137952683612044e-01
9.976107406405191336e-01
9.998375853834006177e-01
9.994734029954482901e-01
9.984121800103533673e-01
9.994821722719412493e-01
9.976445815191901101e-01
9.972919896690839447e-01
9.985813334870893287e-01
9.956448724807883677e-01
9.993862952518325349e-01
9.995513772985925582e-01
9.934227153535878374e-01
9.968652800503615685e-01
9.995070930305486323e-01
9.938343759269965272e-01
9.951619994505596090e-01
9.990652122284768843e-01
9.986565740460838780e-01
9.968085073271925056e-01
9.844773471022260081e-01
9.996285307150515331e-01
9.996056000319130108e-01
9.937364909540531421e-01
9.947609329762792107e-01
9.999263090181644831e-01
9.998559619634570517e-01
9.999058929947127750e-01
9.881889827509798829e-01
9.964469368640458402e-01
9.967400085603633775e-01
9.989188692705495143e-01
9.988530522416115831e-01
9.954538809872467420e-01
9.989262897449567857e-01
9.964147083395228366e-01
9.932155825913641101e-01
9.983823658880758289e-01
9.968111215523492996e-01
9.992360952623583481e-01
9.983789356375244450e-01
9.978088981825634640e-01
9.997539638348433844e-01
9.997777106754832666e-01
9.995296706162326572e-01
9.988592828966115222e-01
9.981268794335355077e-01
9.965674177132686218e-01
9.944429477371600212e-01
9.981136486372214067e-01
9.975676221446204694e-01
9.993771527610191274e-01
9.993411118577781860e-01
9.994074014168067288e-01
9.997754385588624171e-01
9.985752879314974129e-01
9.934151888036083511e-01
9.982058952524360818e-01
9.934302358210242989e-01
9.927407681486850599e-01
9.997591379949916091e-01
9.964900643364958954e-01
9.989313719471889508e-01
9.963175661543026695e-01
9.975376210876947258e-01
9.998512043827426643e-01
9.998036231498078630e-01
9.995017200807203572e-01
9.926033702551775306e-01
9.976404574821036153e-01
9.999811167660295208e-01
9.946659528837549225e-01
9.999611233603288296e-01
9.936784408971091054e-01
9.985086737210883134e-01
9.971747656109714031e-01
9.991104581086626135e-01
9.984658323532905611e-01
9.899605854637378854e-01
9.995184814025984688e-01
9.998954901908223558e-01
9.993142116622212301e-01
9.878355222840785599e-01
9.959455722208998552e-01
9.960409399751893877e-01
9.999516438214259839e-01
9.984919020301267212e-01
9.974831788170407387e-01
9.959075964237839029e-01
9.981525873423208184e-01
9.986613238155281902e-01
9.990210911911069358e-01
9.990808186825316239e-01
9.934509048237304407e-01
9.995708010575383717e-01
9.980310794619339232e-01
9.948332403196020746e-01
9.984408329830440909e-01
9.972022610374913221e-01
9.965977828495597990e-01
9.999164418092180151e-01
9.998148125229613381e-01
9.955930971523443418e-01
9.980851439388863655e-01
9.945621083459494916e-01
9.972844896976106321e-01
9.958175200135289673e-01
9.989706147951425974e-01
9.991563576031424754e-01
9.974506360480877021e-01
9.970444414402107602e-01
9.985368793649818109e-01
9.916803251148996745e-01
9.990389854849304196e-01
9.966539292974785358e-01
9.980112954684761117e-01
9.946810309809849260e-01
9.978653188304202892e-01
9.952671402371875420e-01
9.998174847885350491e-01
9.989447644657473147e-01
9.983789342882246620e-01
9.986925083142248472e-01
9.927132249169811073e-01
9.990980920184160397e-01
9.985543421425677746e-01
9.957234070712938090e-01
9.972872167401124477e-01
9.949584381116781673e-01
9.933899720554738577e-01
9.966895956815724489e-01
9.947173338155804734e-01
9.903443658131775296e-01
9.998781255963401504e-01
9.962629130697875368e-01
9.994208970280306081e-01
9.976516663713732580e-01
9.994545389462136109e-01
9.996891570516306391e-01
9.966498535158854200e-01
9.986214921622710294e-01
9.976230978944802263e-01
9.957266984081236671e-01
9.996557945839951165e-01
9.998053311851836655e-01
9.994476702152654823e-01
9.981463122584119940e-01
9.992628961664158371e-01
9.860202874470025414e-01
9.955328257324751462e-01
9.981355519429051526e-01
9.986576464936621766e-01
9.998903488715196186e-01
9.975060706964565815e-01
9.965470103847211547e-01
9.977288285100937015e-01
9.976653776246202643e-01
9.949799903531898471e-01
9.998221109951139773e-01
9.983484833469659092e-01
9.864231076000268272e-01
9.983704216417594868e-01
9.876881048771080085e-01
9.964397828372080212e-01
9.957291602733391311e-01
9.981578501933120462e-01
9.995407959237292417e-01
9.973533176980455828e-01
9.996231526372796328e-01
9.987219877352664366e-01
9.969880511509227050e-01
9.977931034657413489e-01
9.995773999781795149e-01
9.994129942052274451e-01
9.976166824657589638e-01
9.983118388676988086e-01
9.987752647169212405e-01
9.970254192891646605e-01
9.943477361769702538e-01
9.972554213494869702e-01
9.928941353023779115e-01
9.929222217943762807e-01
9.954661800964508256e-01
9.989870645713966324e-01
9.988077457142933158e-01
9.947112284581552943e-01
9.994240857484910645e-01
9.997515769141039899e-01
9.999292426494645891e-01
9.983955138450755218e-01
9.997583857470394575e-01
9.984571932207423339e-01
9.968551412573058990e-01
9.999105387287851032e-01
9.991751913011981401e-01
9.995436442221339313e-01
9.984577389932705049e-01
9.988971040732600448e-01
9.993213434494111480e-01
9.985028214561999516e-01
9.982259550015685212e-01
9.965753594728794518e-01
9.919539802650828575e-01
9.855997324140376437e-01
9.998341774836874141e-01
9.910083890604592938e-01
9.998822870531203222e-01
9.995776263445229626e-01
9.962478658634542628e-01
9.980606672691794135e-01
9.998289041184027504e-01
9.999940381099745590e-01
9.982619371298223632e-01
9.848540758762180936e-01
9.977505953002121508e-01
9.974671595486838127e-01
9.996355081333289094e-01
9.999064367851561164e-01
9.981549437718236772e-01
9.975738256276286409e-01
9.998362650321733769e-01
9.959210801232261101e-01
9.997055960060607926e-01
9.904813680285394772e-01
9.998521310438907017e-01
9.971950736885331068e-01
9.992708552303160019e-01
9.916274733517337348e-01
9.999040969014693081e-01
9.977759835733421845e-01
9.992291570490832164e-01
9.995250871320617847e-01
9.916897128397592631e-01
9.989847020928790400e-01
9.966508879332891535e-01
9.972425651792032886e-01
9.951153724108633414e-01
9.972142465359429275e-01
9.978781696482919017e-01
9.987955538221640062e-01
9.995339884085445714e-01
9.979792351682427176e-01
9.983772477573688020e-01
9.944943529412859640e-01
9.989363531478568925e-01
9.954177256069913771e-01
9.925391567952347449e-01
9.988378768679304631e-01
9.994535522612754130e-01
9.981146575000507948e-01
9.998204177814487004e-01
9.998008022936283323e-01
9.951324829032587305e-01
9.928449343863552379e-01
9.966162096562144468e-01
9.992179443921452853e-01
9.966766315217332473e-01
9.984049300227153534e-01
9.996804243629189290e-01
9.976415926790399569e-01
9.982951702038842523e-01
9.983023152579895143e-01
9.999401105404246426e-01
9.982818552440743121e-01
9.910922867435376649e-01
9.970085471431002766e-01
9.973347499457825283e-01
9.992878857323527209e-01
9.949483241326544380e-01
9.990100756272937144e-01
9.940357637511576527e-01
9.986382357177642222e-01
9.982899209438078625e-01
9.978699953782079746e-01
9.998528324343782803e-01
9.996957747470938127e-01
9.960185693688536901e-01
9.995160934022023769e-01
9.995644214551673290e-01
9.972201399162267110e-01
9.986373032447519726e-01
9.935801361735998594e-01
9.985499796301895437e-01
9.948406222855248338e-01
9.998783926502353703e-01
9.976065439510295452e-01
9.989881310223743816e-01
9.957773270781612451e-01
9.981617585996926945e-01
9.991593643629745891e-01
9.968591635152770358e-01
9.986990744325273672e-01
9.998603424993653954e-01
9.939352532218060920e-01
9.969986336907443736e-01
9.992499310820590619e-01
9.938851360288480929e-01
9.979981014747116852e-01
9.721163189844223007e-01
9.988604788302325455e-01
9.966322472452849857e-01
9.994588241408660645e-01
9.969787988278940860e-01
9.998394185219428021e-01
9.991190142305208521e-01
9.990761733058078908e-01
9.957066633670886846e-01
9.997273790727309040e-01
9.978859269797956122e-01
9.910140534340774465e-01
9.985166530469322677e-01
9.991857277972661100e-01
9.972355915493431588e-01
9.918324588736296965e-01
9.957304645023484779e-01
9.985582561306550753e-01
9.992486808275833354e-01
9.991829895888955093e-01
9.953054024601837302e-01
9.981919835509341921e-01
9.975704977086383707e-01
9.989480433976849483e-01
9.987304719937167841e-01
9.960912892940664287e-01
9.909913976009434577e-01
9.942146643042063525e-01
9.988589199483615122e-01
9.966842033999775419e-01
9.996492299018753247e-01
9.988077874097653908e-01
9.992242755480044147e-01
9.997897840106508838e-01
9.924903928147138510e-01
9.992915440121055148e-01
9.895204409149185310e-01
9.956271987437244064e-01
9.983797402831119383e-01
9.966794063531683179e-01
9.917484166800051293e-01
9.970135721592662259e-01
9.948264246039542069e-01
9.917479734376464240e-01
9.990008815917944540e-01
9.960025200948030566e-01
9.940240725134645849e-01
9.997991722691913496e-01
9.902417121344566642e-01
9.967183723058381517e-01
9.972764667040548980e-01
9.994576497337779308e-01
9.830076302866808113e-01
9.897333386677134026e-01
9.990256635153653697e-01
9.878244263459304841e-01
9.979842671033675172e-01
9.992993595929262618e-01
9.947090338478034033e-01
9.993901486084786345e-01
9.992419399887073617e-01
9.974647722268199512e-01
9.948178649759075176e-01
9.977367754258340549e-01
9.957511756882052589e-01
9.959571401170868032e-01
9.988866306020651731e-01
9.983288982600611039e-01
9.996634965374718851e-01
9.996868665434192058e-01
9.869445857174012904e-01
9.903337956071077697e-01
9.978882881645277925e-01
9.979314925362413602e-01
9.991824472065575780e-01
9.995548360466666171e-01
9.905840461297862332e-01
9.973661215392677359e-01
9.934436690503387624e-01
9.929956618942278324e-01
9.996658099298614264e-01
9.993435502843630580e-01
9.929294395756870228e-01
9.924986738019880850e-01
9.963065403146500465e-01
9.967112210444665221e-01
9.968647199528243297e-01
9.995802210641138164e-01
9.968409209348837452e-01
9.994659445698251821e-01
9.985452325013943753e-01
9.977665534736321895e-01
9.975006483613334529e-01
9.992619979578940548e-01
9.958791365085589709e-01
9.993161033560391537e-01
9.970154373373074641e-01
9.983308738455167752e-01
9.970291510088888920e-01
9.995750740707737281e-01
9.972122948704823520e-01
9.989534728497281302e-01
9.955661443611202310e-01
9.954655496415933946e-01
9.900854234969344025e-01
9.864816967056689867e-01
9.992214551124943833e-01
9.993471370688578048e-01
9.977776717457822464e-01
9.952207168723727904e-01
9.966246386869616058e-01
9.939228330813009160e-01
9.940484130165871957e-01
9.983089603414427859e-01
9.977861491575623631e-01
9.967777965676777319e-01
9.993912634431231234e-01
9.954604878123278766e-01
9.959074737171459413e-01
9.997349056692655944e-01
9.980852141823571833e-01
9.989316136315217198e-01
9.944978652581638601e-01
9.990840245848781054e-01
9.986966892878365032e-01
9.999692831173280227e-01
9.997214498148806472e-01
9.895768583581528999e-01
9.999912558077546088e-01
9.928002770777186736e-01
9.953714624726065496e-01
9.985599373195450656e-01
9.992802580236783694e-01
9.939597471448776700e-01
9.999174904489865900e-01
9.994453999610064532e-01
9.995096624161916576e-01
9.934426694085021214e-01
9.987665342753007103e-01
9.941448873130879216e-01
9.973887401744998549e-01
9.983028867588228383e-01
9.979150119235979943e-01
9.974639764359153338e-01
9.996055686945876095e-01
9.962370977719103848e-01
9.999202280485329775e-01
9.986916918053023728e-01
9.991855552018438225e-01
9.983815953404726606e-01
9.945592900033326522e-01
9.971693673404308234e-01
9.922316834491951010e-01
9.977923996031029530e-01
9.998708066335364464e-01
9.978688798529778969e-01
9.874898505875786547e-01
9.996627832280665649e-01
9.976029546015815486e-01
9.999331996901863473e-01
9.967365844378448525e-01
9.965193297053271948e-01
9.973575636185791904e-01
9.959624387611255569e-01
9.996867699797125084e-01
9.985138612306810879e-01
9.968195759302700409e-01
9.987793520332959307e-01
9.997026608085628485e-01
9.989658299784486273e-01
9.958602651347272516e-01
9.989555752588359372e-01
9.969120558896057416e-01
9.970078562150777035e-01
9.999113298125787974e-01
9.963703252168015778e-01
9.891091986910356404e-01
9.970645407082768807e-01
9.938282407761080961e-01
9.971112828010594287e-01
9.979451639694955078e-01
9.914027587762177518e-01
9.999673945981383261e-01
9.988811520529161658e-01
9.942111991227476908e-01
9.878270309886628686e-01
9.979534967579377636e-01
9.997662523967377757e-01
9.935156096067718767e-01
9.997964398388130558e-01
9.910374115739315481e-01
9.868295623766969449e-01
9.975524012176576472e-01
9.975005015344242665e-01
9.940584747185375880e-01
9.955096690463083320e-01
9.968578573720042746e-01
9.919748630690327085e-01
9.994020240040926151e-01
9.997917947397645388e-01
9.989677540729423599e-01
9.993935044201927020e-01
9.997237362600863708e-01
9.967256103226560526e-01
9.778482222044826422e-01
9.972907538911796044e-01
9.991601481403246110e-01
9.970257174793309973e-01
9.984061463169814354e-01
9.980357186641717337e-01
9.944754566817671781e-01
9.948567040032251230e-01
9.987346317527096007e-01
9.954300451248382364e-01
9.988977927611188967e-01
9.971461373020010788e-01
9.988914673356700247e-01
9.909215905181614215e-01
9.989104637398181774e-01
9.980560361021032501e-01
9.973987284137094678e-01
9.987325379751768040e-01
9.994525964431663079e-01
9.898215534649091873e-01
9.988531097470770836e-01
9.995941688450316054e-01
9.998764181740162904e-01
9.991939944346335256e-01
9.978465769034252641e-01
9.979714993710970816e-01
9.942827528930778813e-01
9.975761665361504438e-01
9.995991141833812099e-01
9.974321137690908001e-01
9.987005855346109406e-01
9.994193572362205513e-01
9.858798106986453869e-01
9.995390563029185049e-01
9.967796619307043304e-01
9.985208681145396614e-01
9.974836273873994852e-01
9.986198738802242181e-01
9.910295146277050549e-01
9.980775583530295814e-01
9.942585365378322493e-01
9.970088640185112983e-01
9.981661684377587385e-01
9.986496258052309782e-01
9.913765931734592751e-01
9.978795200477690308e-01
9.976877870504495815e-01
9.986139900470407671e-01
9.989663824081296273e-01
9.994087664017388128e-01
9.955406366165009402e-01
9.944667049269672043e-01
9.994212967205172715e-01
9.987444545780881366e-01
9.976488969685501917e-01
9.995552327881767063e-01
9.990089502713606073e-01
9.964597743441291344e-01
9.982184893012573390e-01
9.995670325070322715e-01
9.998565710964789632e-01
9.941274080847584127e-01
9.958127284797084755e-01
9.997475033450395898e-01
9.991863747802580686e-01
9.989236481194601058e-01
9.973003297758787911e-01
9.968397844280160180e-01
9.851279097377730887e-01
9.937623997836718681e-01
9.983490010960303085e-01
9.999173065097842761e-01
9.966940893427480574e-01
9.952622888394309086e-01
9.863636888282127924e-01
9.995787332009890003e-01
9.938980978010920619e-01
9.970806869248178828e-01
9.887108767757369909e-01
9.987464224694547754e-01
9.973446083309461807e-01
9.953934816047261824e-01
9.980781293858349557e-01
9.945170137489908191e-01
9.967117002378284019e-01
9.983140934081833340e-01
9.971376987583008278e-01
9.946253049094798682e-01
9.886682159168638240e-01
9.994410773328099573e-01
9.926772183881736877e-01
9.995492102144494240e-01
9.990406738592487734e-01
9.997041779868730549e-01
9.998418878652284292e-01
9.986148435372754761e-01
9.982991494900582685e-01
9.944542242696896572e-01
9.924332155074370165e-01
9.971276824551610352e-01
9.977849008191806979e-01
9.886816563657604418e-01
9.972666678375519123e-01
9.982359702495270382e-01
9.973000522577224469e-01
9.970337500973768252e-01
9.933867971508342221e-01
9.978535869811946402e-01
9.985797974694476942e-01
9.989184583660833949e-01
9.998617273904447655e-01
9.973335208660276674e-01
9.996293605337484012e-01
9.958296776142400164e-01
9.977501771421399823e-01
9.965689332028537795e-01
9.964524595800937634e-01
9.972233457733716833e-01
9.965749056795826233e-01
9.900422718403725231e-01
9.983462765595207955e-01
9.944056549234333575e-01
9.997946764356197002e-01
9.954896889282628392e-01
9.979659617846533548e-01
9.844297437811690976e-01
9.934643191051731881e-01
9.986316528972054574e-01
9.989851975643109228e-01
9.981335906381618717e-01
9.952808160986535979e-01
9.984144883186392150e-01
9.991170713759597310e-01
9.964247927769214197e-01
9.994638444190445670e-01
9.958354223146655970e-01
9.990120434603488864e-01
9.976486561208260939e-01
9.982611318451785065e-01
9.974654342359405845e-01
9.999699048373146271e-01
9.900143981677895777e-01
9.972974145877462337e-01
9.941267441008094785e-01
9.977352737808991012e-01
9.998550608969002385e-01
9.967296274524038990e-01
9.984909306606373214e-01
9.947670465834883569e-01
9.974613673989176643e-01
9.967111290032815152e-01
9.983380287883486526e-01
9.978252076780174118e-01
9.985710221072991999e-01
9.982376940430924828e-01
9.996310190186751266e-01
9.972794351360224629e-01
9.952370878623146844e-01
9.970400468498727964e-01
9.785932660169814890e-01
9.994619784818313812e-01
9.981160798414225876e-01
9.999447600465770636e-01
9.994905291545446158e-01
9.990309928876717205e-01
9.989451588237541202e-01
9.957661171366751773e-01
9.995946602823141403e-01
9.890055727370840044e-01
9.976480059587862215e-01
9.986368334016342274e-01
9.962487913337428891e-01
9.986040003038952895e-01
9.965042648831488048e-01
9.967389213205642973e-01
9.959432237762596563e-01
9.970029895447882762e-01
9.995856418568248580e-01
9.926862206540594258e-01
9.991988665600847197e-01
9.951785085582066648e-01
9.958959683632413462e-01
9.992835001239395165e-01
9.988330247414666241e-01
9.991426373655025728e-01
9.973355237927326034e-01
9.969610640433593796e-01
9.973280537120253753e-01
9.999794016623481108e-01
9.965753307662642557e-01
9.999000424069577342e-01
9.952911662811532167e-01
9.907759535006952500e-01
9.949869369129550334e-01
9.982417969230797938e-01
9.999234219857436878e-01
9.986470267882041618e-01
9.996532672172477874e-01
9.983061508087256453e-01
9.968473151375536467e-01
9.947041605233184480e-01
9.982527752626958462e-01
9.982800694188505020e-01
9.985775162419067152e-01
9.993478315433576009e-01
9.974958307590948703e-01
9.977063186286727614e-01
9.918586942762379621e-01
9.950517203759211560e-01
9.990557339590558916e-01
9.994652826039079896e-01
9.954480635207861861e-01
9.992721570770798367e-01
9.921983554638826863e-01
9.999730465193988893e-01
9.994006378172415328e-01
9.975189515663981377e-01
9.982795801010417858e-01
9.869135725781006396e-01
9.992983985888658216e-01
9.999529738166579307e-01
9.963683499062627735e-01
9.938667683467150571e-01
9.969163641628213668e-01
9.977698168778634802e-01
9.929635555450619933e-01
9.967440161948388777e-01
9.989606278926180805e-01
9.998453633508074256e-01
9.995924135615480433e-01
9.997152433715068565e-01
9.896288033659982331e-01
9.975572699286070488e-01
9.981056522228773931e-01
9.950361076219660372e-01
9.965795138552390187e-01
9.963298507350812905e-01
9.993855898206518429e-01
9.965415132443575796e-01
9.998198365753568906e-01
9.924850235263923404e-01
9.969755609796280282e-01
9.980113322798482844e-01
9.997058079300030764e-01
9.982040462177319551e-01
9.892354000952461313e-01
9.996545254905659927e-01
9.997350969577976088e-01
9.977134505289012578e-01
9.989210226193427911e-01
9.968006691571291711e-01
9.993481657738373380e-01
9.998746252463783790e-01
9.997028714440189257e-01
9.952966792793424000e-01
9.997869260069641717e-01
9.966140431720648118e-01
9.948132485175624762e-01
9.997573738560855405e-01
9.986983496763464085e-01
9.994323230920197920e-01
9.998261958624091728e-01
9.963888015836751544e-01
9.966920191207454538e-01
9.990251421186160385e-01
9.997871288436775972e-01
9.991238417871706190e-01
9.982194594563434942e-01
9.957460349930018495e-01
9.970402030763525492e-01
9.930611578230973402e-01
9.987553605826769987e-01
9.997541156798400719e-01
9.966161288606154578e-01
9.973807179810705303e-01
9.925280023745360891e-01
9.935680486496705210e-01
9.966533572542527475e-01
9.919295595310531066e-01
9.982274661278704997e-01
9.986105264023402706e-01
9.999327598294673880e-01
9.972947205474694821e-01
9.929554883501618967e-01
9.982022224659534704e-01
9.990631633048040472e-01
9.980371682268333045e-01
9.974149146196141791e-01
9.999763704968127609e-01
9.981885659114888565e-01
9.928617696861800068e-01
9.981459670931601691e-01
9.986525515040727274e-01
9.959752107790499354e-01
9.999577495881103451e-01
9.984700275186534357e-01
9.989570802593894516e-01
9.994324324148149419e-01
9.990906431697796908e-01
9.985134661944308210e-01
9.997879453510605252e-01
9.962037770692988570e-01
9.985926739842205802e-01
9.975767955638348283e-01
9.982602483640349300e-01
9.884795155642239761e-01
9.978417925953722012e-01
9.995437849942934161e-01
9.937484127160242098e-01
9.937595719866432198e-01
9.999409921443490612e-01
9.989523528605772640e-01
9.990028917256750240e-01
9.952995574655738587e-01
9.995853489059302044e-01
9.986604968768711954e-01
9.994964151240073313e-01
9.999365229970905711e-01
9.975079079502545687e-01
9.950676235049814577e-01
9.998766725908583286e-01
9.997907206799749869e-01
9.973037803985731475e-01
9.973104773423708824e-01
9.951137122197063478e-01
9.779011098103200794e-01
9.959160120145271744e-01
9.997467078945067032e-01
9.966208785893926336e-01
9.946526351229892926e-01
9.964796900172611105e-01
9.989371192788969456e-01
9.907600128370445125e-01
9.871713707956004669e-01
9.996561125845162543e-01
9.996973067527419321e-01
9.989090479783627741e-01
9.980725796475238276e-01
9.986120703849384883e-01
9.987839542294614237e-01
9.963116833277785300e-01
9.961698203760402937e-01
9.993137119994983664e-01
9.932821504404214519e-01
9.929414209806497471e-01
9.997514405316118014e-01
9.973232463386270119e-01
9.982793422730563693e-01
9.964367757729735153e-01
9.991975279508868990e-01
9.708033506256628087e-01
9.944414401241931101e-01
9.987809263013783800e-01
9.999727471141852675e-01
9.989298187388007122e-01
9.990200266287713182e-01
9.982769156925000997e-01
9.986531043064492685e-01
9.977772151802485334e-01
9.991081084444842775e-01
9.991057047253116830e-01
9.960136566865668284e-01
9.990002309981221851e-01
9.990845170055305813e-01
9.954980737160130655e-01
9.971014988530706447e-01
9.996484160434384592e-01
9.997237294835398247e-01
9.994923799826621602e-01
9.951001331819224749e-01
9.999636014201257472e-01
9.992571492269317623e-01
9.993959228276578788e-01
9.988421753628332622e-01
9.937865271823169699e-01
9.988277732207019310e-01
9.999536547049200363e-01
9.981399745075212326e-01
9.968697594092651437e-01
9.929367808508992033e-01
9.981076196856604188e-01
9.991497074408497436e-01
9.999249853545837396e-01
9.962578731309096325e-01
9.967345799993101441e-01
9.977496057090361470e-01
9.987446805050802512e-01
9.998230928948231844e-01
9.975483388429303711e-01
9.997308357577905369e-01
9.994683272192630419e-01
9.969168628825239020e-01
9.949835766633216005e-01
9.991376945808060350e-01
9.991682846118392636e-01
9.993929726371653111e-01
9.993446919907859050e-01
9.986438475565114770e-01
9.943284514273654784e-01
9.979985519983552988e-01
9.973214356040316364e-01
9.930822984230035511e-01
9.987400139658865195e-01
9.988048676488388011e-01
9.976735810259439452e-01
9.962504670609216850e-01
9.999820475764705785e-01
9.969267667685526302e-01
9.916814734724949121e-01
9.857731839811934016e-01
9.996381615976815960e-01
9.948093061615317367e-01
9.967633579606629546e-01
9.999254099139913698e-01
9.991883129659563378e-01
9.993813763979014775e-01
9.973178318570334877e-01
9.973478420874528627e-01
9.895602466029425059e-01
9.982940671572199109e-01
9.985323302021849035e-01
9.993482876956760741e-01
9.957209977614371876e-01
9.967015848618866469e-01
9.988943168288560992e-01
9.992168866989535880e-01
9.943335441721283807e-01
9.914592292995696443e-01
9.925973618249610553e-01
9.994047687622563680e-01
9.928740000866572712e-01
9.999988348984535369e-01
9.990057738491298078e-01
9.978223144763025410e-01
9.985481599888904602e-01
9.940367244669707780e-01
9.961347364705056551e-01
9.999840565351607591e-01
9.953476251151959220e-01
9.926441480821568408e-01
9.983780708159879502e-01
9.999650689410813920e-01
9.983461192814394591e-01
9.973525011331869639e-01
9.974658425285379826e-01
9.975905368050355104e-01
9.994767061166239808e-01
9.974988450733378587e-01
9.934744743607530904e-01
9.907301866920330546e-01
9.983576494091268572e-01
9.974550976981226835e-01
9.987815596287267228e-01
9.994475002431717492e-01
9.987059230010805200e-01
9.880937321372958992e-01
9.967212218898597875e-01
9.998489969890271833e-01
9.986699977933253258e-01
9.995828472438097467e-01
9.986756865264333483e-01
9.986713095273828111e-01
9.888782078638885809e-01
9.994256167768788002e-01
9.918356418449224554e-01
9.995832255495232799e-01
9.998044523409214124e-01
9.971541379264673433e-01
9.969835280414122147e-01
9.979811146205138650e-01
9.999162489507359419e-01
9.941557079266161168e-01
9.975565598477565965e-01
9.993294136691426299e-01
9.895526399478266066e-01
9.998330990125067208e-01
9.990459681594836550e-01
9.999817836171541741e-01
9.918920579229764112e-01
9.962243483912327502e-01
9.995542096864078463e-01
9.981471089275159025e-01
9.982197224575981576e-01
9.994216457458426905e-01
9.971965441465138191e-01
9.982455217977062034e-01
9.988527209391326878e-01
9.975053401857699731e-01
9.999643907101930518e-01
9.996669740060070142e-01
9.985061195109556920e-01
9.975806724174088869e-01
9.984227025639033082e-01
9.980340013846363822e-01
9.995194627642739471e-01
9.945906925638761109e-01
9.953564533447701868e-01
9.964345937821871280e-01
9.988606535875025338e-01
9.991634839393059853e-01
9.961666710800876068e-01
9.987069893296427470e-01
9.996245056739646584e-01
9.994376592086368083e-01
9.969509745692882730e-01
9.991311143623913260e-01
9.988543757298621317e-01
9.990488509227180014e-01
9.956046348593211581e-01
9.952223649197016186e-01
9.996872236303380177e-01
9.860439561733116420e-01
9.997332434239755150e-01
9.993906131878850241e-01
9.957005090549260196e-01
9.995935032642986329e-01
9.926469096915225832e-01
9.904253235275957135e-01
9.961633716840930797e-01
9.994061744942914771e-01
9.991559361358079983e-01
9.983046698129991459e-01
9.953754292423965255e-01
9.965291604156099048e-01
9.998495596155193565e-01
9.891768856678881949e-01
9.932973910838320819e-01
9.901094532266071502e-01
9.976466261402898716e-01
9.976884580331548680e-01
9.958240726974053603e-01
9.984457538246450659e-01
9.976901803327293816e-01
9.927348421671923218e-01
9.995413049678228967e-01
9.997573813056868097e-01
9.994871694073089730e-01
9.984409712229272982e-01
9.979307074589860438e-01
9.971503785292052946e-01
9.996639597763703478e-01
9.994385178594206165e-01
9.942838192125157404e-01
9.990483482920307079e-01
9.897062273429336754e-01
9.921296644963735201e-01
9.984472465891028881e-01
9.962270387523977089e-01
9.954873542284208288e-01
9.967444233609292770e-01
9.997205185700839269e-01
9.904533260556865892e-01
9.992592115053904323e-01
9.980424185674660054e-01
9.852001030310924001e-01
9.996499248996145726e-01
9.994541088938928564e-01
9.958502354648559596e-01
9.972696770819129419e-01
9.981905711720725494e-01
9.949613882301187040e-01
9.985589240492399599e-01
9.993776477391461688e-01
9.930441176429404271e-01
9.979484787087393727e-01
9.999802323688632422e-01
9.968227237026082710e-01
9.957407446446221444e-01
9.995977147799701701e-01
9.994743489295118133e-01
9.981826343092886633e-01
9.987062457774511515e-01
9.990971356413378412e-01
9.970520399847773163e-01
9.952952214525482288e-01
9.978570920088097873e-01
9.989444780640837074e-01
9.938521440344244562e-01
9.941613002849010172e-01
9.981091513994955200e-01
9.962817968377170041e-01
9.967422260229410469e-01
9.998530874387685508e-01
9.986352556899106281e-01
9.975914401191992020e-01
9.846037903473425779e-01
9.996154215158518097e-01
9.995994600219252346e-01
9.978914091187136570e-01
9.967380758729458279e-01
9.955090678542214411e-01
9.976451165637125751e-01
9.987331211154331090e-01
9.990957510336759828e-01
9.999790088842991365e-01
9.997902616230402995e-01
9.969209964589698103e-01
9.910943651338443017e-01
9.925075343488077850e-01
9.996845433031522621e-01
9.920548965738080760e-01
9.967261317371379770e-01
9.996906824966151905e-01
9.972885376253752820e-01
9.994820777006393486e-01
9.998350920380650875e-01
9.995443685093755581e-01
9.990738628978619307e-01
9.972075766930204033e-01
9.993505988581435906e-01
9.987540296578413246e-01
9.997486748510272525e-01
9.988568937883477439e-01
9.896004098212922706e-01
9.954017460325864652e-01
9.997598959810402031e-01
9.991385918942353728e-01
9.930880229798908498e-01
9.991226971277326063e-01
9.988692269010864822e-01
9.998396360618594381e-01
9.989117556256811303e-01
9.989260749431881914e-01
9.915815883914281814e-01
9.911569268097013552e-01
9.983053307858182901e-01
9.935767725565767261e-01
9.998838193744796765e-01
9.964573755453060011e-01
9.886485782082607976e-01
9.943802485324492180e-01
9.998681019374850987e-01
9.996079950777388978e-01
9.986941662978189305e-01
9.992596004639292540e-01
9.975568530267209244e-01
9.979662486029802215e-01
9.951210601527050725e-01
9.973460383359189496e-01
9.992980530860385846e-01
9.963925021242132640e-01
9.995034556078049581e-01
9.987721168981648079e-01
9.968870333757100521e-01
9.962681434362988808e-01
9.986871822381359065e-01
9.938967661018066613e-01
9.996780253557188134e-01
9.893074237295532702e-01
9.972163894346892654e-01
9.990078730073855828e-01
9.976495909948320806e-01
9.999542925786293335e-01
9.947355771208743480e-01
9.974981943615403024e-01
9.986779839969041062e-01
9.969576369473025501e-01
9.949840543391297309e-01
9.993998723142546448e-01
9.989700396802090321e-01
9.995128618325538339e-01
9.977759135597553675e-01
9.985657065432945734e-01
9.875819312938508565e-01
9.990528247930833272e-01
9.972434024793505047e-01
9.987338061483946872e-01
9.992113911630418066e-01
9.970037225204525511e-01
9.990359889835906948e-01
9.968402607737348875e-01
9.998532759407433579e-01
9.981264740772716193e-01
9.942228238107746474e-01
9.977468654375508672e-01
9.959306687977506067e-01
9.996234437903326331e-01
9.992897840182590752e-01
9.990403388910078508e-01
9.991798063394516927e-01
9.996712130303279098e-01
9.942836498320870575e-01
9.994782599003966261e-01
9.987181673902560952e-01
9.996573754414225244e-01
9.983750871638489288e-01
9.944449412090814455e-01
9.951015600542564288e-01
9.974390382512120512e-01
9.889045452986258145e-01
9.932287573892816246e-01
9.990358618948217417e-01
9.992528103554799701e-01
9.996190282941062044e-01
9.965512004875248797e-01
9.996180776757763731e-01
9.977215806449806212e-01
9.995072424714389614e-01
9.965610799833061195e-01
9.993432701295318354e-01
9.998618989632505061e-01
9.968378851837884636e-01
9.988850774164540480e-01
9.993167906783110288e-01
9.974655852244517229e-01
9.862246452410354802e-01
9.851060249803670343e-01
9.936719428021454359e-01
9.993208792174070876e-01
9.966131939539507600e-01
9.992881954721976046e-01
9.994184014629061696e-01
9.986294539067560594e-01
9.913111994080605616e-01
9.990596765409518465e-01
9.995335901137154533e-01
9.987884171195434702e-01
9.993751207870410491e-01
9.973849195177936222e-01
9.974560768535457589e-01
9.985006976347351459e-01
9.984857765519279393e-01
9.984187850258221530e-01
9.946192147850403398e-01
9.990825164946985915e-01
9.926187751002146786e-01
9.961501285406386685e-01
9.959079227959710678e-01
9.936996858013514844e-01
9.997624165972220922e-01
9.998385532520974728e-01
9.993408822091938148e-01
9.913427934238711048e-01
9.958609433804399558e-01
9.984285426303886046e-01
9.975823029790878982e-01
9.949657477254207905e-01
9.991497014975596613e-01
9.975845614840361808e-01
9.987775948513157864e-01
9.995065788481021229e-01
9.976961322499913187e-01
9.926965547436055193e-01
9.963050130777529878e-01
9.987453331883198171e-01
9.870786920509336815e-01
9.969945724851101421e-01
9.996579864311365693e-01
9.982419472286943041e-01
9.985415015241599912e-01
9.980558811781199413e-01
9.980372412853100172e-01
9.892691069893825295e-01
9.990119052518495746e-01
9.985945725694737041e-01
9.902844911840487097e-01
9.865342741523073222e-01
9.989797297365152762e-01
9.919281020806556270e-01
9.996975424151410827e-01
9.992162847512167101e-01
9.997547507303543579e-01
9.986158932367592556e-01
9.984729820453737137e-01
9.998930093979233602e-01
9.992585627347629895e-01
9.996159483851185801e-01
9.984425515996729894e-01
9.979901937407049672e-01
9.980964288800561190e-01
9.984882994717017013e-01
9.977558107786075325e-01
9.979503082730625252e-01
9.974124687882774953e-01
9.995241923716542409e-01
9.982656700216462342e-01
9.982513502539704930e-01
9.881342025490651437e-01
9.992596441997187995e-01
9.944126914520222682e-01
9.906779669592066240e-01
9.993797156194872411e-01
9.989117259135867899e-01
9.964699943110523206e-01
9.995827835069831524e-01
9.975641929847223199e-01
9.992491299903121238e-01
9.974566097594734781e-01
9.956337380966534534e-01
9.970253125195698285e-01
9.980339429185248745e-01
9.995316271894497673e-01
9.989663142366340676e-01
9.987708845276912495e-01
9.988609370342574900e-01
9.999438621189240539e-01
9.986486293190359742e-01
9.995154747903519654e-01
9.974015397661588622e-01
9.985389730675037212e-01
9.999867237353886606e-01
9.990483379463206415e-01
9.986210761941470837e-01
9.986676313423809015e-01
9.957384674754587994e-01
9.995920638848990736e-01
9.973038768866009374e-01
9.987037665309956846e-01
9.990270065479919248e-01
9.967162492768989468e-01
9.997916905591153203e-01
9.997043046227817031e-01
9.982364964699821375e-01
9.999380425255656180e-01
9.986172610495072099e-01
9.999083841594585964e-01
9.972232498076047946e-01
9.974771236016974907e-01
9.990103368484015700e-01
9.992967182586719455e-01
9.970572634570565862e-01
9.996565004456007264e-01
9.941168987227888554e-01
9.896133790052745738e-01
9.887037132441167664e-01
9.968436379331850894e-01
9.992244667601088981e-01
9.994483905384269340e-01
9.991157132153880571e-01
9.993304879544457897e-01
9.957836617158659642e-01
9.976229795219946350e-01
9.988222743815650118e-01
9.949512200046547461e-01
9.998517942818723192e-01
9.965015149211533529e-01
9.973917844955811907e-01
9.966590729825144379e-01
9.985705890702790688e-01
9.998208311909222434e-01
9.990861308396893348e-01
9.975120608953698120e-01
9.981326333679916285e-01
9.998846588684268122e-01
9.988045536432473837e-01
9.972682020774892298e-01
9.958811214172912374e-01
9.988489004225310497e-01
9.994314941577202571e-01
9.984933243663011160e-01
9.913069171390685996e-01
9.692991939329276274e-01
9.973975134845504131e-01
9.988920353795696094e-01
9.988950031135764851e-01
9.992419112089765409e-01
9.987388952010231025e-01
9.988603527944639460e-01
9.950583355004609665e-01
9.943143628781504484e-01
9.986776099991012678e-01
9.974085734079382037e-01
9.977035211552275351e-01
9.997901006748536323e-01
9.985333523194669381e-01
9.950663166888900069e-01
9.903738475517243067e-01
9.960603410531513324e-01
9.999295187912294880e-01
9.992159536669568132e-01
9.998587022235810862e-01
9.994622274675737383e-01
9.912160477567020234e-01
9.991606812923776726e-01
9.992334701766613092e-01
9.995311106386292055e-01
9.993088401466803106e-01
9.995603181724612707e-01
9.994758376908452480e-01
9.995739375450448660e-01
9.946535207625776254e-01
9.948110621676665710e-01
9.965672079334279010e-01
9.988599732917848861e-01
9.999066674937319155e-01
9.955645639360334309e-01
9.962370111706315701e-01
9.984322591273268044e-01
9.962822425589491493e-01
9.929867311766505944e-01
9.999185311701958012e-01
9.996053967897414738e-01
9.974934069229044464e-01
9.989871650316068941e-01
9.980279175656380231e-01
9.976140837739981837e-01
9.979626985883395252e-01
9.964190060711597408e-01
9.987106747416467645e-01
9.946640560518901220e-01
9.965408475182043757e-01
9.999676380635091899e-01
9.852250218235114598e-01
9.947539045108144684e-01
9.981062471686428239e-01
9.959537121682969785e-01
9.940320974195916426e-01
9.992967402399908217e-01
9.976955291347731070e-01
9.997523459916501931e-01
9.989743154776755674e-01
9.986576603937072916e-01
9.974802809843784646e-01
9.999479402350972546e-01
9.943330972759358843e-01
9.982276420737641320e-01
9.995641183407557584e-01
9.975483274657265254e-01
9.997799828231677122e-01
9.994003659569149489e-01
9.981546018379473528e-01
9.972206026624590436e-01
9.954482188531249554e-01
9.979010153845165876e-01
9.998888141872807056e-01
9.981665347205728178e-01
9.969278089971344015e-01
9.926382177145973706e-01
9.947095870170761245e-01
9.993965139111241625e-01
9.923184229399781842e-01
9.999647414747713237e-01
9.956789448649935315e-01
9.974695218886993064e-01
9.995272159569716930e-01
9.981776075691791705e-01
9.983079678061612672e-01
9.994584339660217420e-01
9.965995020631817081e-01
9.886378501285507658e-01
9.992627671569452863e-01
9.961380711136850197e-01
9.972776405851162540e-01
9.998726926280966376e-01
9.966183488691504611e-01
9.960619898037046394e-01
9.971382710159396590e-01
9.998268561491114870e-01
9.998545363451236678e-01
9.993407994549886597e-01
9.925644351455199521e-01
9.985094659153499475e-01
9.999693256602149027e-01
9.972521803294052134e-01
9.988827217791819146e-01
9.940723553831746218e-01
9.990486549551854667e-01
9.956955592168562630e-01
9.977691128928886100e-01
9.990765135837472721e-01
9.970662333627675622e-01
9.999854019955755069e-01
9.939982395337291221e-01
9.996100382437947962e-01
9.855874741759669266e-01
9.951428177085762661e-01
9.939050243381190031e-01
9.985868098945028803e-01
9.997755240938790422e-01
9.987995356877398256e-01
9.960511358879514665e-01
9.811129136415254193e-01
9.997267049513305359e-01
9.972518206857176049e-01
9.968460783141263049e-01
9.994879063004608044e-01
9.978076301744830401e-01
9.744065247693770582e-01
9.940898174442918123e-01
9.991178782183094409e-01
9.977514945673929825e-01
9.968963600684392912e-01
9.992022109758479376e-01
9.999251248136145076e-01
9.994182062418203172e-01
9.999196906931816509e-01
9.982259158074725525e-01
