2.932612997086285304e-04
-2.762849092060876231e-03
4.324494668262214569e-03
7.076913052673905816e-03
-7.796680088665249898e-04
4.948877313217381682e-03
-7.364401520560526345e-05
2.437720423519762654e-03
-9.560971703208437367e-03
-3.567021684598980884e-03
3.820973120279119641e-03
-1.348388012011387822e-03
2.938571894712497298e-03
-1.757166694368752363e-02
-7.130877709881358432e-03
-2.913299500084903446e-03
-1.779980311051239687e-03
-5.614741802176277143e-03
-6.063793336408948922e-03
1.685043979193197664e-03
-1.926407817410216022e-02
-1.703525062413259808e-02
-5.488268360828072422e-03
-7.132315231721901398e-03
-2.809270407532839828e-04
-1.264207285543902590e-02
-1.899913951812495783e-02
-1.218621736532600453e-04
-2.802660826776057993e-03
4.173779029371861571e-03
-1.672871193836294318e-02
-7.354814834125714129e-03
6.450681444733030560e-03
-9.716544933676879436e-03
-1.483421225262291200e-03
1.886222730949211647e-03
-1.890157445668070051e-04
-6.772392856029854332e-04
3.670511353161103876e-04
-1.418905520502184922e-02
-7.008114191249828441e-04
-3.439942612600445284e-03
7.368074725916114176e-03
-1.352017150093338428e-02
-1.548128440155988224e-03
-1.104837596725768848e-03
6.354446182841510735e-03
-9.647489990546343278e-03
5.421190205939640551e-03
-3.248453856452759077e-03
-2.063628846652208922e-03
-1.003157974076627525e-02
5.495897619543343299e-03
-5.828377487901809269e-03
-1.253205674095760232e-02
2.742352731416139878e-03
-1.318996563074111700e-02
8.750759611705502755e-04
3.911247222896026797e-03
7.359063397051714313e-03
1.847739017064219547e-03
-1.021816252710764338e-02
-1.146499204474348693e-02
-2.554460142974614070e-03
-7.156707384840599491e-03
4.133828867217392497e-03
-2.367654961930580235e-04
-6.972011174231265013e-03
1.288579674620398319e-04
-8.288087917549188943e-03
5.181350937373451794e-03
-2.878475627677444006e-03
5.132961509267842427e-03
-1.016953364076636588e-03
-1.226804134813034609e-02
2.508178937903002888e-03
2.666976277855695205e-03
3.758703574251144423e-03
-3.493159626951570541e-03
7.299944912290834073e-03
3.754484022335141322e-03
-2.621938301060841494e-03
9.095891946367820960e-04
-1.207289837603212415e-02
1.858704592446451575e-03
7.501091454139875540e-03
-1.916312928785331160e-02
6.480221788756851112e-06
-4.962900122016243587e-03
-1.676414450349211034e-03
-1.719236521093155459e-03
1.841573839320561831e-03
-1.805290761710016956e-02
-1.769388313639552041e-02
2.398209407214011313e-03
1.021239423724355604e-02
-1.001427378911797991e-02
-9.562059221902093412e-03
-9.514410750384024937e-03
-1.206589323243617735e-02
-2.550291709510385876e-03
-7.893761352691002278e-03
4.693505892253481762e-03
4.844494194306475827e-03
7.661229437709755896e-03
-9.729657504950414010e-03
5.755477961152021199e-04
2.960719191013305111e-03
-5.574210138097103646e-03
9.033850280052003676e-03
3.149055597384349016e-03
-1.163956579680300307e-02
-1.371830456133018260e-02
-1.460294342737325328e-02
-1.047983052881669777e-02
7.743316409588183770e-03
-1.831107112078066840e-02
-3.106987341495701365e-03
-7.873996256808011782e-03
-1.183548225997417547e-02
1.185253832660618017e-03
8.662736521706642170e-03
-5.904360176379947096e-03
1.187756478804571220e-02
-7.938574061957043770e-04
8.916322656770246657e-03
-9.709335688893108718e-03
7.060980679286271017e-03
-1.602300875668827632e-02
7.735431690765188183e-03
2.793165849094286432e-03
-6.632304983492178646e-03
-5.693840482348082842e-03
-6.439783355695923158e-04
-1.040671398430951730e-02
4.335891073148279672e-03
-2.043795836914948094e-02
-4.835154316172957101e-03
-1.381791149476268958e-02
-1.316094841230507941e-02
-1.289268293667954375e-02
-1.050470234362665088e-02
-2.841066211258124656e-04
-5.453639149409448064e-03
-3.766168761381608228e-03
-7.210937305826282647e-04
-1.613951200328411426e-02
1.939501833571753665e-03
9.839799139076689169e-03
-5.125087120751901926e-03
1.942252366213966051e-03
-9.067318108204590896e-04
7.673085794506365707e-03
-1.497180810574687271e-02
-8.462937468896463561e-03
-1.151396579092472602e-02
6.399838361909640201e-05
-4.437693208199695698e-03
3.047837650489627730e-03
-1.606145273569435303e-02
-3.219331512970848713e-03
1.134413224776695435e-02
-2.427836331893042186e-03
6.945249772215516051e-03
1.352715323445583949e-04
4.705508959424503125e-03
-1.068638327317162837e-02
-2.152597797849173031e-03
-1.800879341397855493e-02
-6.642301057651825782e-03
8.016987461297029813e-03
-8.728304577536798864e-03
-2.337081666215975323e-02
-5.525439988929545937e-03
-1.653079123271901027e-02
-1.268717424798319546e-02
9.452133597414109217e-03
1.089061378274738031e-03
-1.466557925260448397e-02
-8.357583964709368405e-04
-5.131472577669454575e-03
-9.216136877087962795e-03
1.224823277984322945e-02
5.511181390705348912e-04
-1.716286867912228051e-02
-1.413151650046338276e-02
-1.373586384473447775e-02
-2.592606374750620630e-03
-5.128268795259265621e-03
-4.305248793861958176e-03
-1.026082310251466914e-02
4.354462248292266871e-03
3.299087944413930007e-04
9.855716221793049681e-03
2.661780649619772780e-03
8.200857342640394121e-03
-1.813253560880455709e-03
1.254488330316991859e-03
4.935560691430965728e-03
-1.162655641545229032e-02
-2.013750014272665603e-02
-4.571566399253438467e-03
3.834905697069792077e-03
7.217386610897950829e-04
-6.846740974134409019e-03
-5.245755139833408257e-03
-2.000951056416807802e-02
-2.287139082109640800e-03
-1.044815324448081922e-02
3.529708312943582831e-03
5.636692400981683842e-04
-2.024674906180523246e-02
-1.036830071759169657e-02
-8.715238631572327574e-03
-9.855131746037129256e-03
5.444548753906314556e-03
-2.771326228224743095e-03
-9.757804636794552983e-03
-7.637972588357308003e-03
-2.895305276081550777e-03
-8.128223319338473158e-04
-6.519237001717992711e-03
5.222640896000147956e-03
-8.230031658502525577e-03
-5.969670418775216598e-03
3.374080932931487493e-03
-2.252593120881826467e-03
-1.504236444499574936e-02
-1.536237233548861216e-03
-1.692193155511083650e-03
4.698506960353420782e-03
-1.257508843323175071e-02
1.255056265964344525e-02
-4.148668090418951727e-04
3.745525464882920770e-03
-7.054800253516856773e-03
-2.943998822250083747e-03
-4.414152836011606476e-03
4.408952588893334866e-04
2.421081707015834174e-03
-1.834360053225145585e-03
-2.433424913751835485e-03
5.887499287302104013e-03
-1.184226328625620321e-02
2.896011990491564186e-03
-4.796138821227213106e-03
5.373882285295229246e-03
-1.639985711284031727e-03
1.982590732415253666e-03
-1.490564239152198473e-03
-1.323994379657223060e-02
5.975145242294845060e-03
-6.084272977692583087e-03
-5.302003169993974203e-03
-1.884604727769342500e-02
-1.067493019823500221e-02
-8.413458981896528022e-03
-4.924720833982247463e-03
-8.558535924736581507e-03
-7.466211710199761355e-03
-9.956232389952045236e-03
-8.194446993141821581e-03
-9.586680600260655619e-03
1.276488843702029051e-05
-1.462036878908655165e-03
-4.370182150466482389e-03
7.612340012679881009e-03
-1.016085417622878198e-02
-1.028557308358934649e-02
-8.434878006753134330e-03
1.932652836063162910e-03
7.487532147284499569e-03
-2.833831175961242302e-03
-4.631091113605892429e-03
-7.656906255926325920e-03
2.930461894992687690e-03
5.887130503740981187e-03
-8.233799552217544240e-03
-6.372745138654029202e-03
-6.650959678458011034e-04
-8.675550841722310530e-03
-1.515071402158778800e-02
-4.634951072418700378e-03
-3.096514664100812834e-03
-1.670608336894944309e-03
-1.324546135335020005e-04
-5.342845157902248281e-03
-7.057077419193851647e-03
-1.681483009319713730e-03
-5.192857849641345502e-03
-8.707225898734865036e-03
-8.706730076859020215e-03
-1.038394828785001167e-02
-1.049331680941920607e-02
3.554299620016233580e-03
4.375817333365779696e-04
-9.209140494652786821e-03
5.682634033958998583e-03
1.798658326555112449e-03
-5.611440589428299229e-03
1.370663605887836043e-03
-5.252624355452545010e-03
-1.141674737927094417e-02
-1.129000701043620693e-02
-4.828688280591981324e-03
-7.070144447115733755e-03
-1.189022236756049830e-02
2.913014841144099913e-03
2.021386289743430653e-03
1.043583968104616969e-02
-5.377710993445891261e-04
3.209664474764309557e-03
-1.369206370481240026e-02
5.926123364150368434e-04
-1.526189410350116578e-02
-4.120944981875073951e-03
1.565029458903180167e-04
-4.313982606408236185e-03
6.226733010202272108e-03
-4.944469101469005888e-03
-1.087595705247638815e-02
-4.924078842396787878e-03
-3.273370136379131785e-03
2.817731744599917716e-03
1.083239352112726726e-02
-1.109201731272418077e-02
-8.630186423309590266e-03
-2.589731565636257081e-03
-5.657105012183812065e-03
-2.703708639506656377e-03
-9.158450952825534022e-03
-1.294808406342522547e-02
-4.135149698379809134e-03
6.018960534809861609e-03
-1.346030171966015529e-02
-1.510217905821440235e-02
-8.332111447479254723e-03
7.600492012992727045e-03
-1.082435059503405669e-02
-1.401734527690959471e-02
-6.013288020321183418e-03
2.595871882479328465e-04
-8.631083525506712262e-03
4.766922249677774809e-03
7.050069778347777677e-03
8.791923422600848512e-04
-3.134550185375722855e-03
-1.718397090302813471e-02
8.051035257698815201e-03
2.976846722568435646e-03
3.581613211337627504e-03
2.601143120197190080e-03
9.595779897833866309e-04
-7.341798134284782803e-04
2.106996095218958889e-03
9.955537412470736799e-03
-1.766652510274050293e-03
-1.884640093266197209e-03
-1.864178082869090078e-02
-1.737792828173722118e-02
-1.874583793333161295e-03
-5.158452293035789213e-03
-2.552731532731076190e-03
-2.947427843074718837e-03
-1.186130754687906783e-02
-6.448116402432746462e-04
2.910619891349056770e-03
-1.818221983702176039e-02
-1.183153491704403912e-02
8.134927237341393197e-03
-9.408022061683776402e-03
-3.479706256169575081e-03
-5.538224573936046703e-03
8.655562208971067772e-04
-1.118924502190104045e-02
1.884609384806779954e-03
-6.929630446741297592e-03
-2.626227185482642775e-03
2.857029783044633120e-03
1.482768492461583642e-03
-1.782741168859385906e-03
-6.555896175057667440e-03
-1.755781138556806314e-02
-6.911959100291610592e-03
-1.231300363675162093e-03
8.418050935954950534e-03
-5.760291302431919634e-03
-1.328364120392057195e-02
-6.944178462375621801e-03
1.612509230837163438e-03
-1.586351956533222848e-02
-2.882529685638716369e-03
-4.486264473092453457e-03
-4.995263792080696826e-03
-2.864006199091671530e-04
9.885137049331050099e-03
-1.568558217845159031e-02
-1.899887864230721812e-02
-4.015492165166416848e-03
-1.228466882509462663e-02
-7.143398704185955662e-03
-7.437461598789009073e-03
-8.598708811761007417e-03
5.780693065831904107e-03
-8.889444934068763127e-03
-1.507489198553406927e-02
-8.348081586719222069e-03
8.418728301456655100e-03
-1.418265034851035056e-02
1.168023937999857929e-03
-3.610727797885630603e-03
4.101903031725626092e-03
-4.770687606449330875e-03
-8.446468591445409953e-04
3.081172078300067896e-03
-7.898448393444022775e-03
4.188564911830348729e-03
-4.970163494874078013e-03
-2.182085446727476032e-03
-2.111565690960817785e-03
-7.630166790723590629e-03
-5.962065053278577630e-03
-7.113262526798421262e-03
-4.152855931917583468e-03
1.637396562150148427e-03
-1.668633847167313999e-02
1.045091897505968752e-02
1.230610809752510524e-03
-7.037366222391135649e-03
3.749308860213936348e-03
-6.454723825211349658e-03
8.551831183541001163e-03
-1.375546766982968863e-02
1.018325119789763658e-02
8.603632216305697475e-04
-9.314617374825626128e-03
-1.165452898699162985e-02
-9.924136703963066727e-03
4.840678693371252075e-03
1.596800521494465231e-03
-2.533279643900594128e-03
-2.559002558435381270e-04
-1.997719107298007862e-02
-3.801440126427222538e-03
5.333529238726696445e-03
7.454059740868736010e-03
-8.781957098981791471e-03
2.575862772285171087e-03
-5.046771745228182142e-04
-2.596753042799442211e-05
-1.348191101430970019e-02
1.420319679748893206e-03
1.081836505801613522e-02
-1.204512687887367671e-02
-2.129304458186244420e-03
-1.135170177408470656e-02
-5.122114999044309613e-03
-1.091227328153555019e-02
3.253457112753357721e-04
4.270404144628005966e-03
-1.826395168371581189e-03
-2.048055903706286901e-03
2.442391779533811553e-03
-1.190669315160426157e-02
-3.901858203788469842e-03
-4.394566815075628442e-03
-1.076029043821536031e-02
-3.328916235709226783e-03
3.490361439238642404e-03
2.512205763469993382e-03
1.030154027864878426e-02
-9.215494719808467461e-03
5.004187672115791193e-03
-6.438484799646262795e-03
-2.117007671975559141e-03
9.753279197917689297e-03
-1.373053608658040756e-02
7.169298420600414903e-03
1.943217071560135001e-04
-1.411931164394061248e-03
-1.097866735812286221e-02
-8.525149708491849485e-03
1.268569537497305335e-03
-6.708439481570497090e-03
2.323600833416372257e-03
-2.486683125714766671e-03
1.433776275308030600e-03
-6.626086035050599953e-05
-8.955197589191254623e-04
-1.426247908840942366e-02
-9.408481451753082647e-03
3.106562074821757509e-03
-1.162800322630183972e-02
-1.205784828989278461e-02
-3.974698132382561977e-03
-9.136132309297363696e-03
4.556113269743922167e-03
-1.286063888849043289e-02
-1.265205859281232949e-02
-1.026251864472581786e-02
1.186568316023790814e-02
1.482071251857401640e-03
3.132136431542636469e-03
6.267140678323700198e-03
4.035139734778151605e-03
1.111304526462993277e-02
-2.077867655215946338e-02
-1.168665841671222803e-02
-5.661343660866341790e-03
-2.070482522720225402e-03
7.670000006343121075e-03
-7.141847209202447679e-03
-3.340978962528256841e-03
4.711269693091897810e-03
-9.397952598624068066e-03
3.573934233938020830e-03
3.961729457065379565e-05
-1.164568058908591400e-02
7.193069438776272763e-04
-1.830403604274871221e-03
3.126299745190359424e-03
-9.199519465522769390e-03
-4.264852962579505219e-03
4.180706862668564366e-03
-2.135358028385157033e-03
-2.817033709394912641e-03
5.973497082612894095e-04
-1.816932676340982187e-03
1.012764023972730521e-04
-1.964831181220352482e-02
8.313833862083619408e-03
-5.261443422920628402e-03
-3.215676687559393312e-03
-1.683960679296939850e-03
5.934393047304117701e-03
1.645667523808090268e-02
-1.064160187447091982e-02
2.677900228749660692e-03
-9.595836386364253040e-03
-1.396654626394502538e-02
-1.069961760753026679e-03
-1.283644441197701568e-02
-8.836716083512899389e-03
-6.586354198732633641e-03
-1.774794511029009064e-02
1.217425977131676197e-02
-1.908706509263355736e-02
8.080716636378595594e-03
-3.719580935710814062e-03
-1.728198368051835077e-02
4.214738772016125173e-04
-5.699769891981273928e-03
3.820625603984051377e-03
-1.546558710820965070e-02
8.064060480622657623e-03
-8.504408044755246143e-03
4.917173182580355075e-04
-1.644809436021405673e-04
1.353219436373242785e-03
9.000637893141764240e-03
9.020522959876361990e-03
-1.682620205241423805e-03
-4.171021580280705882e-03
1.713208198551858467e-03
-1.038746339348254298e-02
-1.118424215615990841e-02
-1.777918486825303193e-02
-4.988016883545075275e-03
-4.169494392805490543e-03
-1.403803614984153181e-02
-4.421850407497054936e-03
-9.148455289757009834e-03
-3.501611754394861643e-03
8.279152940775117223e-03
1.140541734299753125e-04
-6.745849853340602116e-03
-1.155010060225426793e-02
-4.502904208761321228e-04
6.244820907107458965e-05
-4.835828067675343976e-03
-1.155935771555298766e-02
-1.198549195839304811e-02
2.852034407944745512e-03
-5.231823014730747901e-03
-8.392406044798881443e-03
-4.307104055948636316e-03
-1.160877891942617250e-02
-1.020514712329428225e-02
-1.695189815215633871e-03
1.231754471185459083e-04
-8.022906487212289398e-03
-6.996856496838049083e-03
-2.109848966016238808e-02
-1.095803408720712017e-02
-5.183034195772962612e-05
8.707630568887509206e-03
-1.039384324378801565e-02
-8.015564799981713881e-03
-1.884178750439432365e-02
-5.455730644479039361e-03
1.332366138254112995e-03
-4.461164102347167301e-03
-1.216441570697477520e-02
-3.504027446655844959e-03
-4.324858214695182640e-03
6.274972727431168441e-03
-1.860123486129419690e-03
-1.981127240625379926e-03
-3.747715975857207529e-03
-5.390022649835611926e-03
-4.126871008319835110e-03
-1.598023802620351930e-02
-5.884377333400102328e-03
-8.071657806118978304e-03
-1.421215451197033706e-02
-5.864678206702268054e-03
-1.450175647646274532e-02
-1.350338812057122993e-02
4.245493394910321815e-03
-2.388820534050319858e-03
-5.070232580905301330e-03
7.283340992654153447e-03
-1.533060928527511628e-02
-1.898782414485879709e-04
-1.088724747064272365e-02
-1.373402901369684317e-03
-3.353725497736184842e-03
-8.392263227995079913e-03
-9.281250288101023510e-03
-1.091454476759798039e-03
8.073753352062272917e-03
-1.231428919458730370e-02
-8.723538803742717646e-03
1.192810007719030674e-02
-2.115160682987452315e-02
9.728899654314308518e-03
-1.051079705298862835e-03
-1.360472942179235568e-02
1.435566822277969945e-02
5.267404804283712383e-03
8.500374933337606631e-03
-5.334379127135298153e-03
7.114932821471908753e-03
-1.170330847166727375e-02
-5.980433669821592132e-04
-1.132190789666659252e-02
8.184587585483885444e-03
-1.956691973523279338e-03
5.975801500287024684e-03
-9.288695006331912016e-03
-1.441418042857343582e-02
2.215979624653429108e-03
-8.242800027138548133e-03
-3.745186250180505827e-03
-1.053270466688988570e-02
6.188804705064343721e-03
2.932450145302857494e-03
-2.963493749681041841e-03
-2.056500611158777834e-03
-7.568003788284726786e-03
-1.315715574077148085e-02
-6.679131510549714094e-03
-6.596243283550407011e-03
-2.038624164548020687e-02
-1.251671248560127202e-02
-2.793488946006775740e-03
7.356311041119442846e-03
-8.207761064678435400e-03
-2.396789497006784550e-04
-3.889152255778946955e-03
-2.701154586482641846e-03
-2.181538789813145668e-03
9.635780687813472450e-04
-5.472632478990851167e-03
-4.494108297654612894e-03
-4.126642165862904818e-03
-6.135658107714678754e-03
-4.428852405053418373e-03
6.036593472806797006e-03
-2.419041853513284168e-03
8.153649421911221898e-03
-1.401646545467035744e-02
2.612646253147980161e-03
-1.190980068284123701e-03
-9.988834680901070157e-03
1.366475185942885896e-03
1.086566431009660522e-02
1.959389170676411555e-03
-7.880362127075817014e-03
-4.368782189077313576e-03
2.684966100376202577e-03
-6.125905658823896545e-03
-5.144319273936389693e-03
-3.047403799800333345e-03
-3.549696764116524583e-03
-1.530238583954797449e-02
-1.073041518185742851e-02
-6.095915897716563774e-03
-1.111757975424878218e-02
-5.311937574453199067e-04
-8.245453880245402420e-03
-9.935923542953644869e-03
-4.673010709027417518e-03
-7.309749994817925020e-03
-7.473889621074925049e-03
9.942227539446540918e-03
-5.298399201281206623e-03
-3.112561736526092953e-03
1.252442646385485379e-03
5.273945305457436623e-03
-1.108815581630010275e-02
5.394105139684432157e-03
2.778623725419001808e-03
-7.821244990694063010e-03
1.084199292749134930e-02
2.583240750206320779e-03
-5.843379247833036319e-03
-9.598951246728019190e-04
1.475905797408353553e-03
-3.530545813305760797e-03
-1.079389574024849571e-02
-8.342194039253809229e-03
-8.441879026261112648e-04
-1.499540733966489223e-02
4.949264036243480533e-03
-5.901238127938855313e-03
-6.072862711697899450e-03
-8.612539485541763698e-03
-4.882449744107767234e-03
4.783130332286460520e-03
1.043803489037025377e-02
4.118145709505977546e-03
1.007252414655885296e-02
-6.413410242000820022e-03
-3.852934857540477997e-03
6.201164768628645001e-04
4.057485746953284379e-03
-1.272232316009864334e-02
4.719742472512950503e-03
-7.075127576365858317e-03
-1.121940152702825128e-02
4.610585789961410032e-03
6.338653497659801905e-03
4.673175307870866720e-03
-4.739279613723245722e-03
-1.075245237521949438e-03
-6.100000906282211990e-03
-2.776023764414356325e-03
-1.057975052439238083e-02
2.414512343463695154e-03
-1.424649371173406301e-02
-4.759733613539462549e-04
5.816121850778956234e-04
-1.039227186568055482e-03
-4.348060496246923708e-03
-4.857607463311993702e-03
-1.557549305136269290e-02
-4.481182171354281896e-05
3.945650755382853689e-03
-5.487847016865798379e-03
-1.673277904422943363e-03
8.808351316704361375e-03
8.421866346463023276e-03
-4.884327742935894168e-03
9.214493809132275753e-03
-4.293479446170366497e-03
2.122598974058916271e-03
1.807485859894656516e-03
2.290265942256636961e-03
1.361592407614483843e-03
5.936450123501732512e-03
-5.821902438740366413e-04
-1.036662715708724924e-02
-1.031997275604631947e-02
-6.845303766234356845e-03
-2.738338859434630117e-03
-1.211661922066293055e-03
1.132460848661903403e-03
-1.418763080275244753e-03
-8.134264390796836289e-03
1.974727391289860228e-03
-9.052111055592695216e-03
-1.065100822535806381e-02
3.647967215188075481e-03
1.360589037129541004e-02
-4.004579956567552029e-03
-1.178498992473593285e-02
-6.413922913368725991e-03
-5.951440300577499421e-04
-1.066060666359332568e-02
-2.995707421513239040e-03
2.346933377727784212e-03
-9.832276701573411382e-03
-1.583764905742812657e-03
-1.297859438852424357e-02
-1.348174308163105004e-02
5.201759796135154573e-03
-1.420683712538865155e-04
-1.020858060818563388e-02
-4.900207350561003143e-03
4.236121993496730007e-03
-9.158387392017630635e-03
-1.303369667300741976e-02
-2.236150036049430918e-03
-3.158032987329874395e-03
5.908469045132569951e-03
4.556648223239069458e-05
-6.761775346859113731e-03
-3.551751867682081260e-03
-1.709712846395019560e-03
1.841688980788634895e-04
-9.341657064908899175e-03
1.862640719272368487e-03
2.450904775979910813e-03
4.945972953382881190e-03
-3.445496760645907521e-03
-9.935022040665198589e-03
4.024434930976568750e-03
-4.435383933710729601e-03
-1.024581216790919694e-02
-9.368892314007958716e-03
-5.056019002971764466e-03
1.318715727208621480e-03
4.094642412509573708e-04
-3.100091072936170256e-03
1.271701455691135255e-02
-7.229639734665139865e-03
7.603541542649582506e-03
-2.470226149451979717e-03
-7.025265247917629290e-03
-3.385384149114289889e-03
-1.470653918600819780e-02
-1.435617669635172108e-02
3.072573514640327200e-03
1.907435804909420442e-03
-8.174765351402104967e-04
-8.518944183921739466e-03
-2.535232331441218331e-03
-8.184100728320790538e-03
-5.854987552805496556e-03
-5.131178996920571396e-03
-1.202756306149120949e-02
1.319378650225329916e-03
-4.810512380836766064e-03
-6.246058992803850060e-03
-7.942413547276573615e-03
-2.551666645913260121e-03
-7.193750647097249540e-03
-6.688001360891177895e-03
-1.614771304327903417e-02
1.981794517069024580e-03
-1.726108252254138220e-02
1.404926530231993863e-03
-7.524770505585185766e-03
-9.984675711402735479e-03
-1.718158105423909414e-03
-4.421006324706537702e-04
4.869551165709418150e-03
2.097703972217317744e-03
1.139535470276773366e-03
-7.568383811759244600e-03
-1.067162918184175148e-03
-9.357355082758285827e-03
9.896067126759847121e-04
-1.206528217475010163e-02
8.520422486599512138e-03
-4.584488888777265604e-03
5.233914222543748287e-03
2.863599036424687577e-03
7.105357035170223150e-03
-5.483737165746605489e-03
-4.765005892232971967e-04
-6.392147198733575536e-03
2.156892795359134066e-04
6.078762709104558633e-03
-6.481016977843864942e-03
-2.101118270574167321e-02
1.130648528346801795e-02
-1.132711652370864061e-02
-2.837335235654033037e-03
5.916266541130828401e-03
2.365427503477921922e-03
-1.997946334656014282e-03
9.498174161551967186e-04
-7.879316652281977487e-03
-3.514548826695731987e-03
-1.010332153567897705e-02
3.083794564827857174e-03
8.678969852869570026e-03
-6.934867326061414788e-03
-2.916751403989583519e-03
5.388018556813513327e-03
-1.200287787422439113e-02
-6.942034525368751680e-03
-4.065952091618214165e-03
-1.112588808862331399e-02
6.717723838597316983e-06
-7.980083026203217342e-03
-7.045378452316876372e-03
8.072617716559064719e-04
2.024997905218015298e-03
-4.050470536424230147e-03
-7.039569990358948356e-03
-3.217339216986262341e-03
-2.018895244100048485e-03
1.479846434554305890e-03
-2.983345920924106599e-03
-1.797242185555584463e-03
3.007360915157947841e-03
-1.528809039693070342e-03
-1.302319782039526065e-02
-1.661159800830750571e-02
-9.749582782333085160e-03
3.460462341075356846e-03
-1.061203522166193937e-02
4.846568579403153811e-03
-7.880502777290842101e-03
-6.912603004809559672e-03
1.220898322840758589e-02
-2.591924087334081164e-03
-1.536247041066918229e-03
2.715056380811713306e-03
-3.271957403058095614e-04
-5.233863383836995231e-03
-3.070878437576000800e-04
-1.240571838330160014e-02
3.950314887554848102e-03
7.343428120150774681e-03
1.585800678737817309e-03
-2.953134098193004129e-03
-4.921059657790733538e-03
-2.349301564422683324e-03
-4.097426017539261209e-03
-7.575924306447996692e-03
-1.674033385940185831e-02
-4.335042074387422326e-03
-5.032464353776672401e-03
-1.192456225641888232e-02
6.939807744178747365e-03
2.263642117233126590e-03
-7.196735795689625410e-03
-1.645119138621965738e-02
-2.982325365426682917e-03
-1.761076927764567562e-02
-9.100947797010610144e-03
4.588823957969960857e-03
-4.491418447958337584e-03
-3.938926197464715298e-03
-1.342417611027504551e-02
-5.705078625760946244e-03
1.179299044838195108e-02
-2.145265340234003230e-03
-1.307231892076880439e-02
4.769837146181175533e-04
-2.550429184695811920e-03
-4.505565425571045096e-04
3.541971318073449185e-03
-1.876998089207761785e-03
5.618010788464990884e-03
-6.674427057572140769e-03
6.291820437706200329e-03
-1.971081137368391190e-02
-3.429696514176966936e-03
-6.347508221593782356e-03
-7.092619764455162894e-03
-5.169623725274752508e-03
-2.001921815307250788e-03
-7.193750546776094511e-03
-5.016741373318917355e-03
-9.513625003435945485e-03
-2.653409268747990504e-02
-9.544469681771456217e-04
-1.446668785210317339e-02
-7.862797385712596773e-03
-2.914765066443173163e-03
6.538897657319094232e-03
2.419626713342444384e-03
3.406555016623125966e-03
-1.642846116620204702e-02
2.648798479691059395e-04
-9.224317026400155606e-03
-6.147634498564967000e-03
5.678650044748184906e-04
-1.079218181139480690e-02
-2.263784945235045726e-02
1.135703984172563817e-03
-1.832763670676025233e-02
8.030220832748652393e-03
-9.670876060725324200e-03
1.298568627665037728e-03
-1.809931045631960316e-03
-2.165225847648763035e-04
-9.154983561720633767e-03
-8.892081837500074096e-03
-4.997206200225884397e-04
-6.586147667627120783e-03
-9.156018832183957304e-03
3.636792221502982425e-03
-4.314713484667938130e-03
-7.117031033221773648e-03
