4.472520051472824061e-03
-9.921486455302634330e-03
5.843661869045641000e-03
1.681714770835948843e-03
-7.130972524728686679e-04
-3.969429853318815794e-03
2.566448014155790075e-03
8.100603130481722272e-03
9.335231273055419679e-03
-8.888857382550761910e-03
-8.341942399754146212e-03
-6.039882191690442055e-03
-3.884078826543934000e-03
-9.598555722936476242e-03
-7.879220467112393184e-03
-1.068953276641361472e-02
-1.140340581752857622e-02
2.075622116142185336e-03
-1.320488735050361247e-02
-1.549912262652205532e-02
-5.790238490325048427e-03
-1.373381217948918195e-02
8.789780717172358468e-03
-1.885879449675631828e-03
4.889151333453460591e-03
5.032652501164331695e-03
-1.693424595163024390e-02
1.884634340867080541e-04
1.674352615865126303e-03
5.769451287184770849e-03
-1.366998512253516686e-02
-1.488752694840212928e-02
-1.533027700929392306e-02
-1.148456985476857192e-02
-2.609347721126879273e-03
9.229032445531163472e-04
-2.681136643108171947e-03
5.075303707193885242e-04
-6.384123913521942348e-03
4.088747090468433307e-03
5.632705428950587727e-03
3.807665269499114873e-04
-1.065271582461998004e-02
7.228732340097399327e-04
-1.470514101223646848e-02
-5.496387105722045632e-04
-7.405120500473426869e-03
-8.760782268519002984e-04
-1.148252613076833004e-02
-8.499693786969951884e-03
-7.355119013654662710e-03
2.422594389198775774e-03
-9.576929350008445488e-03
-8.382318133885862180e-03
-4.022384801431781558e-03
-1.008050202926546145e-02
-1.138984261197355762e-02
-9.552664587460965931e-03
-1.063185159338613309e-02
7.943320839732844266e-03
-1.209358991814679998e-02
-6.522956986075590866e-03
2.669555135644171347e-03
6.523603538253376979e-03
-2.530407507521222239e-03
-1.206061723956353485e-02
-2.856765217811763242e-04
1.254709379235877413e-03
-1.536561222427409307e-02
-7.011004713983390139e-03
-4.899570925342985189e-03
-3.953204252822657867e-03
3.547525072100922612e-03
1.325373878128127854e-03
-5.182845895405102654e-03
-5.163820775637935128e-04
-1.765224832478764008e-02
-8.850441365564436919e-03
-6.855228503814263415e-03
1.783119191402455627e-03
-1.200688014401200994e-02
-4.041793058622570461e-03
-5.500391449684938032e-03
-3.824630346122875023e-03
-1.201817598491563589e-02
-1.433997177042763485e-02
-4.283442711813484176e-03
7.847445693469084008e-03
9.658344409898954319e-03
-1.105481565066746864e-02
-1.103080607196305248e-02
-3.422122450042887603e-03
8.922203936119248169e-03
5.110101427025877038e-03
-1.503004709175536149e-02
-5.345850947620833446e-03
-1.072164773275950320e-02
-1.260917782453676271e-02
-1.455886694615830292e-02
-1.763416514369471264e-02
-4.632844964337505577e-04
-1.201403857257928899e-03
6.438430795466342296e-03
-4.860028471113058031e-03
4.833354681138908940e-03
6.718086558100515304e-03
-5.158466122057010772e-03
4.834587662486233839e-03
-2.655708179437545231e-03
-1.454851978301101431e-04
2.684504698143066245e-03
-9.962326663594096854e-03
1.118014200411583670e-02
-1.197596763848441694e-02
-7.131096011895437722e-03
-6.708160906201259335e-03
2.830656642447311033e-03
2.593328810910941907e-03
-1.453378312840862031e-02
-5.326971651880080955e-03
-4.006637821488946705e-03
-1.201878711309349416e-02
-9.634418795817435016e-03
-1.142866916863694363e-02
3.142445373541221179e-03
-9.798153456972201816e-03
-3.482583981444655613e-03
-1.436974192471813724e-02
-1.626270304458215035e-02
-1.106419978525260452e-02
-6.029520126829499178e-03
-1.486115443101284142e-02
-4.310555266693929730e-03
-5.131206502284996716e-03
6.538918752860311753e-03
1.392902137550186721e-02
6.857798177350932570e-03
-8.668105725461465808e-03
-1.144285935187797087e-02
-3.297684600347350770e-03
9.938807055524960521e-03
3.898295183533960137e-03
5.420622557098269366e-03
4.367705679849107937e-03
3.485400387973403881e-03
-9.439147843387357131e-05
3.149375410164762228e-03
-1.457788285329981483e-02
-1.110418160024315842e-02
-9.090620788847076847e-03
3.687588730107179032e-03
3.633200995138043533e-04
-4.501158247032452549e-03
1.715075231915417088e-04
-5.398395192053347461e-03
9.263118387782220270e-03
3.590630334198113918e-06
1.807309290825492160e-04
5.472355063847030889e-03
-2.026358717928234462e-03
-4.939855858047668448e-03
-3.666954884522914161e-03
-1.448134036411463828e-02
-4.637608761022347231e-03
2.952335829654141337e-03
-8.380579433062812153e-03
6.907303966657064344e-03
1.241462439546374419e-02
-1.526115303044298446e-02
-1.058550306905180899e-02
1.339679891812556615e-03
-8.094315385223156689e-03
-5.763491554138042670e-03
-7.716178213830451361e-03
-1.490452554964663903e-02
-1.266406980226856584e-02
-2.680140745312982811e-02
-9.725651447059039181e-03
-1.074835780455629317e-02
-7.757616375263918194e-03
3.552575119532171144e-04
-1.415470025082705280e-03
-1.736055932617880946e-03
-5.451490670772355870e-03
-5.679108020918845201e-03
1.876904519322477585e-03
-1.464518327081396933e-02
6.538308945065305147e-03
-1.477765202828930195e-02
-1.123875614913572019e-02
3.264323109412302967e-03
-5.402083730553473850e-03
2.958688532447229977e-04
-1.796830991156872634e-03
-1.405350368898239735e-02
-4.752980825292578600e-03
-1.081097213487582955e-02
1.812211013449332780e-03
6.673439681826329531e-03
9.956477835622180861e-03
-7.592617509593078962e-03
-4.473477707711366082e-03
8.538912034947245032e-04
1.399833960804293051e-02
-3.201410381021107913e-03
-5.629110160630800865e-03
-3.298361175299248296e-03
5.492075163046154611e-03
5.257449619821850072e-03
2.347045569655805027e-03
6.101318674618566411e-03
-3.507178799999182035e-03
1.990191425235920356e-03
-5.855106332577247538e-03
-8.463139351044413755e-03
-1.604333524188489637e-02
-2.795536545245124599e-03
7.552381444293577994e-03
-1.259628615319412009e-03
-7.371047900102104325e-03
-9.178024167130238373e-03
-1.879732948880314660e-03
4.002454573575178580e-03
-9.859064425220311068e-03
6.575576847871659678e-03
6.038234284776491413e-03
4.957135583288144881e-03
1.046256080031620142e-02
1.143443425878287040e-02
-6.734082407885751012e-05
1.084863420453108414e-02
1.707724384869451287e-04
-5.011340627405215867e-03
-1.479847805500273186e-02
-1.263196659492101318e-02
-1.555392344338009207e-02
-1.891766225591727524e-02
-5.299555792545866673e-03
-1.397556676568217048e-02
1.722998523526679364e-04
-4.597249906550597044e-03
-1.114326743281224448e-02
-6.609263515872427878e-03
-8.919472170224058277e-03
-4.958729959208950377e-03
5.458065245288636416e-03
1.132790259721592682e-02
-5.706046201976439200e-05
-1.191427760977231860e-02
-1.983889222631466612e-03
-8.557066833547625345e-03
5.202379681244023680e-04
-9.054205403424747667e-03
-1.813870385731353955e-03
1.372159708139834714e-03
-6.896182016929961606e-03
-1.212749738519030944e-02
1.208102801971310718e-03
-1.098407665925378758e-02
1.385190488222959575e-03
8.659425407035542749e-04
-8.534876497672696724e-03
2.820475023187642583e-03
-6.123535099224807453e-03
-6.873542530787047841e-03
-2.164339550766546452e-02
5.856860892830144209e-03
1.595194745437369032e-03
4.083692359515953343e-03
-1.217685509800173465e-03
-2.755751316282197341e-03
-1.259362410345414053e-02
1.162859273614047333e-02
-9.858578915358337524e-03
-8.886947545010421418e-03
-5.267882567658609995e-03
-1.349269889585076598e-02
4.444530761712850810e-04
5.122856124157064255e-03
-8.504371032856082591e-03
8.123023969148511492e-03
8.876371749616424360e-04
-1.495627618887427138e-02
5.301140267958610354e-04
-1.004568387347425356e-03
5.757531020522354409e-03
-1.031393553348274213e-02
-1.728184770424195590e-03
1.608833676771434301e-03
4.109095495155533871e-03
-8.299770177883579111e-03
-1.986826616703434543e-03
-7.047689719753765479e-03
-5.169654390532939410e-03
-1.987732114298902675e-03
-2.743817974588791571e-03
1.473912109329735985e-03
-5.556340832247079302e-03
3.082778188103967292e-03
-3.871782025341376395e-03
1.954129742893937968e-03
-2.344616623189606144e-03
-1.679866414505307853e-02
-4.433118372448534468e-03
-1.252380869412166725e-02
3.615953052884200800e-03
-1.207216171129654389e-02
-6.779492027238048432e-03
-1.243658424275368400e-02
3.298565973339358161e-03
-1.132289427712150501e-03
1.924960371315827604e-02
-8.572254726399703914e-03
4.433862647485831664e-03
9.825435025935932640e-04
4.759005490879319143e-03
3.367879200258853175e-03
-1.200386242351418609e-02
-4.543574783965843508e-03
-1.897595304845649776e-03
-1.100029107506550127e-02
9.888770265602147332e-04
-1.218146102095263132e-02
-7.865118209733413732e-03
7.691770375874855230e-03
-3.237845309029287449e-03
-6.439451896466976723e-03
-2.717470394192423970e-03
-2.248394504994868752e-03
2.487310220589094255e-03
7.117072106744945677e-03
-1.535534393269299275e-02
-1.683236621222917626e-04
7.842023241650654614e-04
-2.429427794824433676e-02
-8.014254500578039259e-03
-1.316378742029542838e-02
-1.969522227904548558e-03
-4.205420479247496367e-03
-8.365281658179690022e-03
3.326818379147978579e-04
-8.689548002185241635e-03
-2.116139821485853688e-03
-1.239389303034217106e-03
-3.552583696646384893e-03
1.659236464789868562e-04
1.206537478735517176e-05
-5.974520849763150128e-03
-4.553928561639765567e-03
5.659760037994345308e-03
-1.535341137633636048e-02
-1.467673600220821464e-03
-1.122933590455724249e-03
-8.911825437539063963e-03
2.026512014432874011e-03
7.499465692835416072e-03
3.772751491070060453e-03
-1.216301912179822489e-02
4.356637436901760439e-03
-6.875360166464149388e-03
-4.128800020550572707e-03
-6.553575626325983984e-03
2.295815789664208684e-03
-2.528439317940581795e-03
-5.388409733656859477e-03
-3.072770339670493830e-03
6.706229628390353824e-03
-2.331354821713405110e-03
-1.391475186939104911e-03
-8.602697680002335118e-03
-6.740699446663485014e-03
-5.976833794158218326e-03
-5.127231370857664346e-03
-3.367133641860775919e-03
1.073505076139067392e-02
-1.351149486686408635e-02
2.135684233873443884e-04
-1.257154362280016487e-02
-9.329368086945981006e-03
-1.868140871682786100e-02
7.907079381430842657e-03
-1.111359711606302141e-02
-9.577113097452309893e-05
-2.372142780092290505e-03
-9.609518168244207681e-03
-7.523042833753892933e-03
-7.930616982161553183e-03
-5.426189063059420198e-03
-8.751631135733382166e-03
-9.273553204591522894e-03
-1.360452709642781446e-04
-4.041397687740492552e-03
-3.638072776790370316e-03
-7.353097168620706219e-03
2.239373155184677406e-03
-4.436799611403822487e-03
4.849566236301009609e-03
2.353879694467497525e-03
1.590241061028507168e-03
2.123224775717088599e-03
8.500728705738144287e-04
-1.535705487111233350e-02
-1.931396368868990368e-02
-6.142140157165879195e-03
9.661885173822744874e-05
-2.545340991423355407e-03
-1.603042777955786952e-02
-1.664226756623158124e-02
3.441023788773659971e-04
4.206176450124598024e-03
1.135591937752012792e-03
-1.012060899294711137e-02
-8.169912195794267612e-03
3.926197097756147988e-03
-5.372650649082941557e-03
-1.787105482181670230e-02
9.422273750878581641e-03
7.771964967709856821e-03
-6.371887386451253500e-03
2.254586630674016746e-03
4.661461899569233763e-03
-2.047868522524546632e-03
6.519224290035063136e-04
1.067330827291039291e-03
-1.013719366996763006e-03
2.286371463475577294e-04
-2.201159885493318355e-02
-5.055072228181415467e-03
4.543344088216782345e-03
9.026539484818411419e-04
-9.427248421301852831e-04
-7.086272958712718818e-03
2.045937264270986881e-04
-1.896860620268616630e-03
-3.663319163169520814e-03
-3.240561034658425744e-03
-9.101219546584408612e-03
8.502234516015182847e-03
2.585852882280777112e-03
7.250952610425936105e-03
2.534258661228018256e-03
1.213215743455277475e-04
-6.407073428577785348e-03
3.622071350658954275e-03
-1.193066231810490166e-02
-2.578831677188157725e-03
-1.217515169846853556e-03
5.696009075493354765e-03
4.039092979428181122e-03
-2.527280635607525184e-03
6.444661150789759117e-03
-6.683888232466722763e-03
-1.142543288544740042e-02
7.850585743200374708e-03
7.380772002153130826e-03
-2.589605145649238795e-03
-1.104648688836583174e-02
3.500172769735502079e-03
-6.183788076825265725e-03
7.435784170439996288e-03
-1.029806733533957398e-03
-7.695566891739150442e-03
-2.880843069628189618e-03
-4.330335062802672177e-03
4.413408777923427673e-03
-6.349653108731870971e-03
2.993703219687277820e-03
-6.041188146287982015e-03
-1.074644399151247407e-04
1.586192545279149074e-02
2.698076212775695273e-03
-1.152986841901378848e-03
8.325249626137327594e-03
3.253280822844186338e-03
4.405587814595659027e-03
4.419201228205605660e-03
6.235133213253304029e-04
-1.751618761190934515e-02
-6.099310648741628274e-03
-2.949611508683767837e-03
-7.932260273191396593e-03
-8.961597315242370368e-03
-1.263165751860569064e-02
-5.030895877095619730e-03
1.435979618596666500e-03
-5.265565537605244872e-03
-5.764008916357422387e-03
6.407027601001636513e-03
-4.064356080714585061e-03
-1.662100453525469299e-02
-1.809935982340979757e-02
-1.664914962920709942e-03
-1.507591704270087526e-03
-9.613211914958603652e-03
4.676905774540912608e-03
-6.773856124826185821e-03
-2.806666200647703075e-03
3.986460636071237638e-05
-7.047404918056050620e-03
-3.745298060722023099e-03
-6.943901134543346669e-03
-9.442077425286625469e-03
1.260760122876569862e-02
-3.223095800733123944e-03
-6.103930479317991363e-04
7.672104034094119791e-03
9.204796193307847709e-04
7.789074827705435439e-03
-1.017720577106402853e-02
4.728509332810540075e-03
2.823063753757910910e-03
-1.256964323390482793e-02
-1.221843934606620281e-02
4.784097264231157096e-03
-1.358715018529038296e-02
-1.129149291628630918e-02
-1.068115793060076153e-02
-5.369919065545552400e-03
-1.029336169352641252e-02
1.132315597165320896e-02
-8.153444331272408085e-03
3.941897576797691836e-03
5.839138879727609130e-03
-6.842461427796944773e-03
-1.001974392884994250e-02
6.020042555651423065e-03
-1.128964704129751737e-02
1.089027538925452232e-02
-1.296988331460260588e-02
-7.828309998254838475e-03
-7.613633527611705920e-03
-3.388457524593080014e-03
5.230990028923222790e-03
-1.512991964417389036e-03
3.717708218116037508e-03
-1.464649425796060896e-02
2.244617282280114180e-03
-3.649819086340578243e-03
-8.597165403313211315e-03
-1.428338993277170413e-02
-1.664793776823483926e-03
8.028174780711428565e-03
5.755893028436901045e-03
-4.280628675473578844e-03
5.880437384006125152e-03
-2.846743228856763938e-03
-7.489388165978025196e-03
-9.753425638829886155e-03
-3.674800169999126957e-03
-1.186483856618873733e-02
1.473350872913998686e-04
-7.296686205770723521e-03
8.051452799890207413e-04
4.030761671898720581e-03
-1.424335514451452239e-03
-7.746223084909990061e-04
6.161837912288570945e-03
3.006584299747321228e-04
-3.943454019948181011e-03
-4.394229502861423872e-04
2.838515585308148091e-03
-7.282188943849444551e-04
-7.507680873801389238e-05
-1.157444613100313408e-02
-2.190373405412226158e-03
-2.422267298526090216e-03
-1.296754213173965248e-02
-4.145441077648209620e-03
5.352513497639646220e-03
-1.484452419522029089e-02
-2.273586423326000739e-03
-1.286364056328799348e-02
-4.320422987725258332e-03
-9.185755067912552627e-03
-5.482201310053819339e-03
-1.519519036096406671e-02
-8.884507250831808270e-04
4.534011137569157572e-03
2.274372142853892543e-03
-7.060652803981414156e-03
-5.599937576534986562e-03
-9.224505148261141459e-04
-8.114075431733090357e-03
-1.086691839990609407e-02
-9.633273991912379847e-03
-2.082360620116793098e-03
-9.996017800364026193e-03
-5.911948385179058990e-03
-1.874633181413605499e-04
1.296513076975528214e-02
-1.608832349542391529e-02
2.388265961818854689e-03
-9.098224325520791120e-03
1.227675607087239107e-02
-4.792348438166181383e-03
-8.499617803324803489e-03
-4.984592493558068042e-03
-5.378351972042124708e-03
-3.544795593486396636e-03
-3.146916680125861482e-03
1.216190404844522989e-02
3.495928226060123888e-03
4.827177995406289716e-03
-7.708028505078016318e-03
7.044129680735151944e-03
-3.725132845011086633e-03
-2.270845715960960118e-02
1.671805487207101652e-03
1.327421582744423966e-03
5.725079718323539645e-03
-1.843155383692578891e-02
-9.999502739932993739e-03
4.602580393417717128e-04
-1.006684137438555726e-02
-6.628944521922083138e-03
-7.629553466991338684e-03
1.468945073458815566e-03
-7.542909501666525580e-03
1.426615053915471047e-03
-4.353122799874481821e-03
7.644467155916627107e-03
-1.197084889545757969e-03
-5.871118218536467391e-03
3.852191537371881403e-03
5.850711717062502017e-03
-1.055889194409607643e-02
9.265814242805628723e-03
1.733749667585724906e-03
-1.852693188328235693e-03
7.894429655714881163e-04
1.979245041261821082e-04
-4.664868500449997381e-03
-1.015028806242127164e-02
7.200922058725789214e-03
-4.287757249220475533e-03
-7.725791371955168137e-03
8.042576928951647008e-04
-7.699717322664468514e-04
-1.439121410895748002e-03
5.590362474095730318e-03
-1.142229466423531556e-02
-2.069411501845455983e-03
-1.477772919467077936e-02
-2.004420663333126781e-02
6.660412152535746507e-04
1.407561394069080547e-02
-8.224424658357480655e-03
-3.578526737419515918e-03
3.428607978027459658e-04
-5.014195175596296988e-03
-4.487476690213974308e-03
-6.310350285112684490e-03
-7.590966071300839571e-03
-9.195320704837937897e-03
-1.017863124633458169e-02
-1.039075732806476332e-02
-1.491700069545877187e-02
-8.310003860814521928e-03
-1.758301811045775639e-02
-5.674222331808103162e-03
-6.369857339055643407e-03
1.347351432545340578e-03
-3.979221856164422144e-03
1.471193735682710477e-03
-4.007725238755014199e-03
2.323893201606524062e-03
-5.629451430130329517e-03
-2.733383051535946771e-03
-8.737485897335330737e-03
1.164103042522151264e-02
-5.417731026310657928e-03
-4.403374290783745870e-03
1.001114908467797514e-03
-2.863940073167998718e-03
-3.725326310881248095e-04
4.378381631436399461e-03
-1.040029302627274062e-02
-9.026704049773150856e-03
6.075476003810797825e-03
-2.427545872244006760e-03
-8.172631325717674700e-03
-1.555254801350730055e-02
-4.357634366156589410e-03
-7.890833001534421770e-03
8.369151687432507423e-04
7.153407089740237675e-04
-1.564975438239104427e-02
-4.419953536484080153e-03
-6.483393843449436651e-03
-4.330202673287568936e-03
5.319238190664945208e-03
-6.140923335743281655e-03
-3.668033339885560466e-03
1.473059236409882643e-03
-1.740202148429523601e-02
6.195864584685983369e-03
-2.520962768761511770e-03
-8.913469486587393461e-04
-2.147230508307519745e-03
-3.448440358511464104e-03
-5.926480821712977638e-03
8.903038439583225560e-04
-1.371487204194313594e-02
9.360701156536857179e-03
-7.269466739915699492e-03
2.218887275072299256e-03
-8.676305231650284283e-04
-1.163939917245523578e-02
-1.333534761621116629e-02
-3.773431370038681388e-03
1.821500990681696819e-03
-3.830224143702327510e-03
-3.280041717199939227e-03
-6.414249010619889856e-03
-1.362530649503836469e-02
8.510930342834737913e-03
-2.926421795146991016e-03
4.364072010584451049e-04
-1.061628979822931522e-02
-1.511492376435210824e-02
-2.788196159327420345e-03
-1.197502692493370401e-02
-1.313808607618583129e-03
-1.145244318125766521e-03
-6.844844604158063089e-03
3.257654168736916819e-03
-1.256545197613472865e-02
-5.711199575144594413e-03
2.763425694668059963e-03
-1.069447704437042658e-02
-5.665910199995393207e-03
-1.912999779898330458e-03
-6.923817342290028432e-03
-1.810146169459791315e-02
-1.370652199200351161e-02
1.058967009441838178e-02
-7.759639626404774872e-03
-4.297384228337108349e-03
-7.268087246409509882e-04
4.601002477993839691e-03
-9.514206674307025893e-03
-8.183459123632472881e-03
-6.494016056846393936e-03
-4.075479547510364210e-03
1.036207385406991491e-02
3.891770142874420970e-04
3.070138451727601973e-03
-4.661690606818126581e-03
-1.150721715902074463e-02
-1.494692085076728717e-02
8.891089861763673899e-03
-9.974418606596778536e-03
-3.614509510417731209e-03
-8.705717964904905945e-03
-2.610497607150269114e-03
-5.153579586762137288e-03
8.593981308077994208e-03
-1.575291557183133156e-02
-5.110956038465464153e-03
-6.454202990522633562e-03
-8.206205425837016960e-04
5.519235680290754224e-03
-8.014777043714713112e-03
-6.394022367299910178e-03
-1.802440148335269707e-02
-2.263522487437876537e-03
-6.313592742220258160e-03
-1.069494859636725562e-03
-6.471813433997038699e-03
-2.661019177483808177e-03
-2.024511722451186740e-02
-1.635081121825782136e-03
5.899536666603103809e-03
-4.156373060561292625e-03
-3.787375083921894117e-03
-4.875342372209032107e-04
-1.704618386763107627e-03
-2.308314332947875979e-03
-3.406518044413268942e-03
-6.279402818865658341e-03
-7.132556637615341567e-03
4.313896796726220811e-03
-1.332176850605839256e-03
-1.204430167438297512e-02
1.334832776553383088e-02
-1.163027039395344832e-04
-6.056443499993390336e-03
6.543504654270343966e-03
-1.211213954848442201e-02
-1.021147278132191263e-02
-1.425986393551203699e-02
4.468222099572136986e-03
5.659549240831313055e-03
-1.682383180293943112e-02
-4.822538386525530678e-03
5.464698539319359609e-03
1.990367950547133023e-03
2.470895134690262712e-03
4.405944265044133739e-04
-4.226023997983329415e-03
-7.601667202618385931e-03
-6.892404387931420039e-03
3.391090134199118648e-03
8.607857937437332629e-04
-1.183235085949791224e-02
-9.597020870475068272e-03
7.980416897627951728e-03
-1.108779937261375990e-02
2.834265675903112434e-03
-2.054577235372219424e-02
-1.769203724280017306e-02
-7.132525353484534848e-03
-3.668604171144563587e-03
1.311432410249793734e-02
-2.153495490783265652e-03
2.904332296420192566e-03
-9.045872131564054947e-04
1.056305887835952244e-02
-1.432493130770122556e-03
-1.527543311279818024e-02
-1.107432630903255368e-02
3.809937721943262336e-03
1.111805387392374904e-03
-4.819545756500853012e-03
-6.123494929110422438e-03
2.261453122410807530e-04
-1.179061974067879132e-02
-3.006471220890227260e-03
-9.991317127716871360e-03
-2.200375286006905733e-03
-6.598130046434754273e-03
-4.850194276375201750e-03
1.303489727184548551e-02
-1.740945593678921988e-02
-9.209192208272690486e-03
-1.942555536202721783e-02
1.011637611080646454e-02
-1.756589424351651715e-03
-8.548397491020076275e-03
-1.212354946850867712e-02
-5.216290115415848049e-03
4.622814504570364920e-03
5.239286873818237503e-03
-1.816082322589705278e-03
-1.140087287492772515e-02
3.372911457406552443e-03
-4.448612355023798780e-03
-5.172511514423436436e-03
3.731278112522324556e-03
4.315984589349788729e-03
2.857862392469878721e-03
1.242507033590901444e-03
-2.000272854742259770e-02
-6.429789356650258796e-03
-2.934500104911462372e-03
8.616741197893714246e-03
9.715310000279602301e-03
-1.616450672373347802e-02
-1.439743117718998711e-02
-1.360859390705568620e-02
-1.573120907941268770e-02
-1.182008753487604966e-02
-1.700636965277750904e-03
-8.419681174035522145e-03
2.951827429190774250e-03
1.265067568661205292e-03
-5.950529745674404576e-03
-8.335677933571233877e-03
4.820686904112663043e-05
-1.143399031573577584e-02
-6.251711167895806706e-03
7.462977983823914675e-03
-4.740947710908487156e-03
-1.091355254700679574e-02
-1.888032231071107292e-02
3.992903448842502999e-03
2.755667133207982244e-03
-6.251131233521720239e-03
-3.539280514742478359e-03
-1.606489697044465384e-02
4.892740189820580718e-03
-3.768439625599295621e-03
-8.910583618537639208e-03
1.969175089386341736e-03
-7.323310094187881862e-03
-1.042429246220378603e-03
-8.270276517659784846e-03
-1.495582728947747464e-02
-1.392335159776821908e-02
-5.439163847173959787e-03
6.793656181083958072e-03
-4.273034390563329281e-03
-1.884449945628141609e-02
-2.740217358536598934e-03
-8.445244266424773924e-03
-1.002156039716126969e-02
-5.818236970669266386e-03
-3.561901568673411875e-03
-9.386289088965318536e-03
-1.127629424669175998e-02
1.440915685587006341e-02
-8.635782995827347500e-03
-3.007729213945017303e-03
-1.103079988240111137e-02
6.965025795882084751e-03
-3.444966575245464371e-03
4.008584844244426904e-03
2.437299967328761773e-03
-3.130273019861006759e-03
-3.990804037800697716e-04
-4.536405749303171024e-03
-4.897368845729956587e-03
1.246173256373614771e-02
-3.123192688332211762e-04
-1.570839253489590692e-02
-1.129696788185733172e-02
1.221438814229034060e-02
4.390863985279550713e-03
6.300354667530523676e-04
-8.828338173140951040e-03
-7.747076853454791523e-03
4.139565072700040864e-03
-6.278774549733963199e-03
-4.463535190810901179e-03
7.707316531342374259e-03
-6.193334625227502575e-03
-5.276474270159791854e-03
-1.251183351500352158e-03
6.342628507625734744e-04
-4.372047097621049698e-03
3.657313186781219541e-03
-5.693282965098449104e-03
-3.015993138963558341e-03
-6.385571942039388812e-03
-1.230692643149355892e-02
4.417403124403463527e-03
8.445036948283924857e-03
-2.429448029530522409e-03
1.298005781891713130e-03
1.377154138472106836e-03
-7.216316008230959714e-03
-1.023074628238395192e-02
-7.783500304023810087e-03
1.228013454739801738e-02
-7.209652231885227587e-03
-7.433760853776295733e-04
4.868251575257878314e-03
3.341887280000138509e-03
-9.314887221276208938e-04
-8.778235836702501238e-03
-1.017292591600824254e-02
-4.173927350488873620e-04
3.160567159974027492e-03
-3.939277429171129767e-03
2.605870395507381334e-03
-1.649629343754148436e-02
3.337430624504010741e-03
2.174187408241529725e-03
3.260119625376192362e-03
1.472854636503789349e-03
-6.568178175179293851e-03
5.089172870654949492e-03
-6.219481407366814121e-04
-1.165232540814681132e-02
-9.172208247393575514e-03
4.799226306681614318e-03
-7.879614241595559593e-03
3.308857378371165246e-03
2.284597926713341238e-03
-4.136574551671517996e-03
-7.238132035760859104e-03
1.986954962265392345e-03
-6.853316563189412562e-03
-3.764087082980598249e-03
-4.935508328059788445e-03
-9.980644166923740776e-03
-9.193263491576132360e-03
-5.506271363836783700e-03
9.408407479400821699e-03
3.249973380928501167e-03
-4.994213107469902069e-04
-2.046417794017729719e-02
1.085000582624466277e-03
5.471722240523823125e-03
1.721556515292374046e-03
-3.733197696299174299e-03
-1.152782228429461049e-02
-3.828662864287509654e-03
-3.490905921720430325e-03
3.544774323989475975e-03
-2.557955865210558011e-02
-2.420181961360500303e-03
3.989200856880361842e-03
8.899354234059738550e-03
-4.848733013416284396e-04
1.861896300740038812e-03
-6.235736155289636588e-03
-1.849794465013841066e-02
2.361087545753184393e-03
-6.414907655635117452e-03
-1.254392699301366647e-02
-3.697942792982442800e-03
-3.926333699255921995e-03
6.252256372010578898e-03
-2.723484871065680931e-03
-5.982440616625323178e-03
-6.043087152641869568e-03
-3.155129952882863333e-03
-5.904315339835602625e-03
-2.721218577372553054e-03
-2.037868775284801823e-04
-4.423363996483528973e-03
-1.396461134427526805e-02
-8.220559555668239399e-03
-5.801459512037267750e-03
-5.346989981483109972e-03
-5.942946675182958320e-03
5.377269151227746964e-03
-2.033714897482394660e-03
-1.265791542031087166e-02
3.163655701360723865e-03
-2.688575041059256161e-03
-7.982998450239050733e-03
8.528883960279764684e-03
-8.890329358298025564e-03
1.462140837058734794e-02
-1.280979616229722430e-02
5.624664179476981159e-04
-7.003041426773625767e-03
1.838986046799045298e-04
-4.361293179844408924e-03
-1.891159579152596002e-03
-5.185698175238668065e-03
-3.183250673700573508e-03
-1.606209308050068549e-02
5.095006947110379721e-03
4.039567503124844722e-03
-1.191121649749509251e-02
3.299396553867061602e-03
-1.108978897336475658e-02
-3.681632725183981228e-03
-2.306360442945214716e-03
-9.810001804778685150e-03
-1.019183152256680769e-02
7.227657927953057455e-03
-1.750149159518616868e-02
-6.474246390093738902e-03
-1.466875320448409771e-02
-1.634702993104598934e-02
3.808098538502235203e-03
-5.630998700981218290e-03
1.034618550702843523e-03
-1.128970950475076396e-02
-1.004048663537329342e-02
9.717910579489301773e-03
6.589226131553953605e-03
-1.067421760991906464e-02
1.802373079597483245e-03
-6.651021045324413130e-05
3.287931278956714078e-03
-1.129642798564475976e-02
-2.688896964189263668e-03
4.897613424593017309e-03
-1.204032997066006166e-02
-3.812849993303228397e-03
-1.102498141073119916e-03
-1.641839082550299901e-03
9.492709773244067950e-03
-4.815695430012542980e-03
-1.274100993020478058e-02
-1.645480565660446814e-02
-8.486662125955146338e-03
-9.701199051750727595e-03
-1.108651987978597452e-02
9.049047231730432265e-05
-1.159818211951260149e-02
-5.871736438114930415e-03
-6.094067039160743111e-03
-8.824884738336900153e-03
1.038648181993680024e-02
-3.989084607152078125e-03
-8.047543877194149667e-03
-5.008391109609685102e-03
-1.593422668837037558e-03
-7.728240310770564600e-03
-5.118163080804429346e-03
5.802565311312604147e-03
-2.976347480751346999e-03
-5.899484178308917089e-03
-9.609498772331874841e-03
6.442076299714697210e-03
5.396729239918482933e-03
-1.057959366096420696e-02
1.285072091569653069e-03
1.026084827443370269e-02
-7.034173526833699397e-03
-1.954094110907377869e-03
5.210378120526079453e-03
-4.936756210918160151e-03
1.048700701963648473e-02
-2.890766601696641205e-03
-7.136047457397557726e-03
4.189105401685067412e-03
-8.119688813288570076e-03
-6.954514209096433926e-03
3.375257226356706379e-03
-1.501620156714777304e-02
5.072003056848202636e-03
3.245779768577311455e-03
-4.977079161720658271e-03
7.766945436222279578e-03
-1.091376130135495240e-02
-5.299044622169895614e-03
-4.297763258309136684e-03
-1.885976034976038010e-02
-1.229336657388059497e-03
4.765500286342240488e-03
3.323883477886176510e-03
2.517790946980508118e-03
-1.439248637194717566e-02
-1.162170598136442502e-02
-6.470843151114423486e-03
-4.798886788173094102e-03
6.335406171028299185e-03
1.732468774459454061e-02
1.999839236300011893e-03
3.687250757245994198e-03
4.433554326501286218e-03
1.768240199546511002e-02
-2.205646095457186942e-02
-2.901632002446143891e-03
-1.382937631005626625e-02
9.315414803429082754e-04
-7.768097488703111682e-03
-2.179346284636288905e-03
-5.728384040132645030e-03
-4.434046019231942942e-03
-5.772746613975449949e-03
-1.016744814786358156e-02
-9.637701385943947194e-03
-5.277333305842695291e-03
2.240776604851393676e-03
-8.754662382700536052e-03
1.118553188424807002e-03
-1.319572286757998703e-02
-1.578846607833876399e-03
-1.206846693972387849e-02
-5.661140993754650887e-03
-1.868001946610821362e-02
-1.477427061930344961e-02
-1.193450324610579281e-02
-5.911210308151433265e-03
4.599546243645142619e-03
5.440517755128181088e-03
-2.170152591674995735e-03
-3.793884784554067300e-04
-7.549016024203784349e-03
-7.519768265593781910e-05
-1.101046915412829709e-02
-1.371850097007134943e-02
-1.845438449168365939e-03
-2.623481533987615834e-03
-5.075451210108163427e-03
-1.043631402579260278e-02
7.844108984547229144e-03
2.955161419520097900e-03
-7.412981794030221692e-03
1.468887512493392009e-03
7.147141973421441627e-03
-1.431235974836863288e-02
-2.094252770896478603e-03
1.790133669662308420e-03
-1.150561459685076754e-02
-1.204297087696154685e-02
-9.368960629882605237e-03
6.947711817495584976e-04
1.064285464919764723e-02
5.476946023375067404e-03
-5.805405699872371456e-03
1.010864874359865967e-02
9.053744028674762939e-03
-1.999933469612597339e-02
-4.493110964071496058e-03
-4.545699987561064442e-03
-1.433866069746482161e-02
-1.452963480085416070e-04
-8.333104129169818103e-03
1.233224776832226146e-03
-1.368617828246675595e-03
-1.577960033665859810e-02
-5.432688243773027559e-03
4.348802861847523606e-03
-1.357434651635111914e-02
1.599576727009735175e-02
1.681122393395211544e-03
-3.399264269280448131e-03
-1.040616535323443193e-03
-4.130242442915498663e-03
-4.588763819286523216e-04
-1.773155232370353211e-03
-6.781564555322872230e-03
-8.092821289533378218e-03
5.352142116936372748e-03
6.574849140831002907e-03
-5.984256967156219124e-03
-1.790224845665501843e-02
8.916757554239696654e-04
-5.536698643120343925e-03
-9.970247676387407679e-03
1.069731736463300263e-03
-8.119907307038379957e-04
1.365464514772265223e-03
-3.075922563367565303e-03
-4.183276076293069613e-03
3.010376586956500702e-03
4.040837545306858944e-03
-1.296903253160062866e-03
-6.038592955416721177e-03
-1.064375515170839191e-02
-1.023250180948045984e-02
-1.066615956525872842e-02
-9.618679750944296100e-04
-5.776638292538846184e-03
4.028218911835929755e-03
-1.436333873162318414e-03
-1.112655400367963329e-02
-8.332234540952897922e-03
3.131540700170067689e-03
-9.225440101790464628e-03
-1.315755719469046021e-03
6.873196202320480501e-03
-2.076206053064748850e-06
-9.354637069473013128e-03
-8.539553882818431930e-04
-5.988902387091561870e-03
-4.353834603340711595e-03
-4.388982053083341148e-03
7.771342279227713310e-04
-1.632743684735088810e-02
3.070228798873175444e-03
3.328786552077145095e-03
-1.183397233284738670e-02
-3.286816108681046497e-03
5.438433951259900173e-03
2.250838203964142682e-03
1.434978062302583613e-03
1.091930590094697048e-02
-1.510158978755259986e-02
1.515669901045831351e-03
-5.808973847507207036e-03
-5.020782029136205277e-03
-7.430599893220428583e-03
5.721971162282146230e-03
-1.238245645192356630e-02
-2.374152219021812872e-03
-6.659915306123653962e-03
6.078769487886372287e-03
1.295332266647663925e-02
-1.972761475449738241e-04
-1.689186481371662135e-02
-1.105207780527420885e-03
1.025683314513465725e-03
2.189624410465076249e-03
-1.668689406812093236e-03
-1.680909174449545917e-03
-9.697278460954062828e-04
2.643720421644966782e-03
-9.364720765157665298e-04
-9.728092019508652539e-04
3.082494095311871102e-03
-9.114082052741504653e-03
-7.804551275483254981e-03
3.628177969390949248e-03
-1.246266987780056314e-03
-1.341113102870646577e-02
1.939426688143997901e-03
-1.388807815864544562e-02
-1.128295968752386635e-02
-1.415162091287250172e-02
-9.603856465665275462e-04
-1.319614548648214087e-03
-9.561421293691098203e-04
-8.614868156340661038e-04
5.220991975939703097e-04
5.966727531000702404e-03
-1.085629968407593330e-03
-1.482587779664557015e-02
-1.318887554206620190e-02
-4.187724671350146789e-03
-9.501100289213276762e-03
6.707655356157215566e-03
9.097317746566569580e-03
3.904160607451368555e-03
-6.144423230299440528e-03
-1.550238805483399561e-02
-1.661968784598968560e-02
-7.265113672535072247e-04
1.301647330439950449e-02
8.369565663952839574e-03
-8.889354847856488495e-03
-4.700750924240877475e-03
-1.230952219390156477e-02
3.506906452925646379e-03
-8.147217272319229667e-03
8.415654504554176060e-03
-5.562270249495223327e-03
-1.501675797095390792e-02
-1.316983232943428131e-02
-7.616706314201061000e-03
-7.665238007666707112e-03
9.001190940944387570e-03
-6.242652195653002924e-03
-4.374188545778452154e-03
-7.212582954261600662e-03
2.018980204687806281e-03
2.727052628097990927e-03
-2.553919364404736402e-03
-1.259557647451983904e-02
-1.246703480447344976e-02
-4.556213339542712452e-03
-1.188901405638853430e-02
-6.774957522107407509e-03
-1.892632779245696090e-02
-3.912655631703900252e-03
5.009326343932201005e-03
-5.448212094104488978e-03
-1.307473412174417135e-02
4.086046170348842967e-03
7.166379754585872584e-03
-5.291735019033325799e-03
-7.731829485180246632e-03
-2.250490887248030210e-03
2.616039544678046280e-03
-1.129235419528005699e-02
9.140594130998172095e-04
9.231618741559968625e-04
-9.614364390992778328e-03
-3.689322908169816347e-03
-1.619819814843133712e-02
-1.311415161575313522e-02
5.413486392939284748e-03
-3.042387649883686492e-03
-1.598639283668329761e-02
-6.353204091548303109e-03
2.205329732856925982e-03
6.994288868855566901e-03
-2.117595382168387108e-03
3.861071580872266727e-03
-1.126914166949991893e-02
-1.577931227150777133e-02
-6.008275652371469766e-03
-1.948153218298272898e-02
-5.784698747356138357e-03
2.465450011552996513e-03
2.229872059279465815e-03
-2.425201084093410713e-03
-1.034495016666513167e-02
-1.029588303614741539e-02
3.459092335237829666e-03
-7.670481904482995272e-03
-8.281958864442490534e-03
-5.678153574510119185e-03
1.398818788158868055e-03
1.491664478253521388e-03
-1.559528562299576995e-02
-2.784025684523421321e-03
-7.245741854962968465e-03
-9.739914777940237092e-03
-4.238547852523945596e-04
-1.008265577901487110e-02
-9.830067084427469848e-03
-1.096198786653690763e-02
4.271455921289924081e-03
-5.008698829771156963e-03
-2.299947086885982886e-02
4.796401122374660368e-03
5.220569550972943042e-03
-6.261246061791981947e-03
-1.371697753067371980e-03
1.440422952035459161e-03
-9.630105968848445830e-03
6.214349817392477576e-03
-1.997497782651196097e-02
1.083373806487204381e-03
-9.598529535096295140e-03
5.334047461008856704e-03
4.849637940423651562e-04
1.648670127611441202e-02
1.758130574784003836e-02
8.226184696850198305e-03
-1.079470642440660301e-02
1.397170296756694834e-03
2.254435574845453194e-04
-1.003472861727275171e-02
4.294248607547975979e-04
3.981214834238064326e-03
-2.136920408407250345e-03
-3.762857154392473726e-03
-1.964859232203373940e-02
-1.620254870183613976e-03
1.022875465782740675e-02
1.210705171474156516e-02
-6.334025155468742986e-03
2.353489823043781407e-03
3.524480618617690901e-03
-3.112060587985031584e-03
7.720298175849190682e-03
-5.695097411747912335e-03
1.100087176095030685e-02
-6.423943129924824256e-04
9.963665866121235518e-03
-3.771706205712188273e-03
-1.245298184039558657e-02
-5.383705099203603579e-03
-1.215231623839217040e-02
2.564649445581667925e-03
-1.876422673602593828e-03
4.099445139241357332e-03
1.025498138924663474e-02
-2.806813903448055533e-03
-1.432187700018202302e-02
-1.163395408349817209e-02
-7.328782978651846025e-03
2.477020186798814180e-03
-8.454918654657330584e-03
-1.530677859932985663e-02
-1.026324015734308460e-02
2.726045744144457283e-03
-6.274515058489826304e-03
-2.290538411775071021e-03
-9.047789136698061382e-03
-4.039794381803057249e-03
-7.348858201398996597e-05
8.414124005478863496e-04
-2.931717282707118483e-03
7.093496316089390255e-03
-8.967032476049140860e-03
-1.970619366658658139e-02
9.967447065139965409e-04
5.947664504140912252e-03
-4.978361756238574957e-03
-1.477062227560397602e-02
-5.868385049484410761e-03
-9.839407017856368828e-03
6.150745088459942493e-03
-1.695127595487129707e-03
-8.055121811443506294e-03
-3.274986592856111989e-03
7.508004406427373073e-03
-2.543130554938315569e-03
-1.956426796430543735e-03
-8.589926897141234030e-03
6.476146802049637108e-03
-8.011215499607477267e-03
-7.727319709199976377e-03
-1.071443101526951477e-02
1.137391085518305901e-02
1.354515514334382609e-02
8.596941874231975311e-03
-8.441815982931167098e-03
-2.715844045269690584e-03
-3.260921212759576842e-03
-5.189531866414355456e-04
-4.818040122710780769e-03
-7.456028555499054702e-03
-1.169671203070901840e-02
-6.678375310441842655e-03
3.287112535290379750e-03
-7.068557171775045195e-03
-7.540786011879368859e-03
-1.192013993215425109e-02
-8.527721824326922303e-04
-2.578955017828836026e-03
-4.464083145789433243e-03
1.093877521771860570e-04
-7.579773553251529378e-03
-8.834965909848927282e-03
-1.857304515857267435e-03
-1.202436141373688060e-02
-7.431299562633804714e-03
-1.288035325944093985e-02
-6.223342350994560436e-03
3.922690660748903019e-03
7.791494355923834179e-03
-1.420121217299082908e-03
5.816164389365873497e-04
4.372665621008908765e-03
-3.312832535914302448e-03
3.141021441627971957e-03
4.184139007999386657e-03
-5.427736936988307101e-03
2.475847029143745347e-03
-2.603784422034021058e-03
-3.397288529648173996e-04
8.047479489818081672e-03
-5.967935410385473601e-03
-6.637300071193767519e-03
8.524218416553160094e-03
-4.990209636760511297e-03
-3.626411390005710410e-03
5.962542036059050206e-03
4.967606484644488014e-03
-4.618871594849040772e-03
2.547941372666808185e-03
-1.048118216641075358e-02
2.944682982706032116e-03
-5.163441667759619252e-04
3.080536254214544419e-03
3.534612938791690129e-03
-3.063634724229313214e-04
-7.179579872788293196e-03
2.823193878717117616e-03
-1.331736664412583315e-02
-1.074580674018064085e-02
-1.060750651068522073e-03
4.429017816851536435e-03
-3.524461048798813840e-04
1.019827924553574731e-02
-6.841999688501034481e-03
-1.641306748869662477e-02
-6.292037438556379904e-03
-5.325210935766180181e-03
2.226036254390072189e-03
-1.947821706813412934e-02
5.119288356834796570e-03
7.545791243254939239e-03
-5.698830246856740125e-03
-2.181399890265904931e-03
-1.000617432779585952e-02
-1.258134710755019238e-02
-1.676568798932317680e-02
-1.023163515926076191e-02
-4.088703087769882463e-03
8.458912022388658273e-04
1.016039103814123145e-03
-7.673738085629091751e-03
9.359654362101411593e-03
4.983964148120398775e-04
-1.042034660109473349e-02
2.838639755175599970e-05
-1.478580124581631468e-02
-1.609935227950366320e-03
-4.349245785911124221e-03
-6.398965220300146563e-03
-9.303019711901778024e-03
-4.502707252660459285e-03
-9.190222302364775206e-03
-9.597401172607775491e-03
-3.725509485945958064e-03
8.929406403230465486e-03
-6.811287765733699609e-03
-1.081440234623356686e-02
-6.016444499445203209e-03
9.489172029890791810e-03
-3.320179250833422968e-03
-3.871914675044953267e-03
-1.272116869690112333e-02
-2.966541481546885323e-03
-4.674468243193301634e-03
5.373060709567178267e-03
-1.578335767792991839e-02
-6.404592290169196581e-03
-1.266967359129036541e-03
-6.057572797846915054e-03
-1.345335921947039826e-02
4.512602511951841269e-03
-7.382484959914983359e-03
-1.195829538506021535e-02
9.279528907107222014e-04
-2.650800573478854713e-03
-6.272980405880390978e-03
-5.493638521002278986e-03
-9.815713819098608600e-03
-3.926701884379626278e-03
-1.760743246212143499e-03
7.780151340028832255e-03
-1.085434201513246072e-02
-5.735630829898378559e-03
3.414571522544371414e-03
-8.052584833005528922e-04
3.593105531940031603e-03
9.462492668501683996e-03
4.537433439607512289e-03
-5.003152833279425789e-03
1.645306357709811667e-03
8.842497479358238377e-03
2.622041160739235158e-03
6.184214653117407756e-03
-4.683305717963157262e-03
-1.191688096526076143e-02
-1.292946746814891378e-02
-2.512931224599281813e-03
6.493397811326980136e-03
-6.581267891548096653e-03
-1.007535490763545802e-02
-3.513598025930793258e-03
-5.461557531213580632e-03
7.073674936521093595e-03
3.550739022276108280e-03
1.721182418538894218e-03
-5.528907692137807793e-04
3.178012680738867210e-03
-9.881761961378460538e-03
-6.352913564191965679e-03
1.034861295571234442e-02
4.722374187370419196e-03
-9.338961945256815320e-03
-1.258583007582591423e-02
-1.876575786200036788e-02
-1.479912942975123227e-03
-1.282907190320092990e-02
-1.863051989575835454e-02
2.042343475541232543e-03
3.698070219647148910e-03
-1.169736705361039929e-02
-1.190496707272847496e-02
-3.981311278013990700e-03
7.008672182339466847e-05
-2.777874984432063266e-03
-1.133392506450769770e-02
2.974773935732103781e-03
-1.390053786327718685e-02
-2.893016286692621456e-03
-1.354237809218653867e-02
-4.920432494579980894e-03
-1.326646641905902639e-02
2.375841681316744839e-03
-3.504762899656168381e-03
-4.541625313731033863e-03
-4.519900318733160831e-03
7.443954925828160686e-03
6.709177385039985335e-03
-1.943324339945896873e-02
-2.810916226344387352e-03
9.208377170808811768e-03
-8.853237950862645478e-03
-4.374845648834346963e-03
9.675389857540411028e-04
1.043457159285316772e-02
-1.109930367968067072e-02
-4.613552998278253395e-03
-1.264192431486300949e-02
7.845571904514316713e-03
-5.094647538556122332e-03
5.137066826651968260e-03
-3.127735987853162095e-03
-7.226485096994708646e-03
1.230977531628036498e-02
-4.293551949751431523e-04
8.384598662271912708e-03
7.509229950567089529e-03
-9.178035986870313953e-03
-4.063648847515846999e-03
-8.303713028866252163e-03
-1.168116461767448573e-03
-3.794735040177472929e-03
-1.012610048999072971e-03
-9.255719665131950311e-03
-2.847568296328270056e-03
-1.064125875279524867e-02
-8.245925544295590673e-03
-1.546080219020269653e-02
2.994229646061391178e-03
-1.063294596611160346e-02
8.078909116293522125e-03
-1.406047547629521964e-02
2.804173301441806494e-03
9.711374433184994867e-04
-1.328221672412466421e-02
-4.245373459883679951e-03
-7.623442114318907011e-03
-2.511765180208178246e-03
-1.268902006483770689e-03
-1.643148734495197133e-02
-5.804390543878369842e-04
-1.046753093496226132e-02
-9.503310903182246930e-03
-4.016904853369140070e-04
1.635924359976060824e-02
-1.252958381976036935e-02
-8.531750125829322710e-04
4.444245802531972614e-03
7.123125546806790068e-03
-1.415991280301602886e-02
1.265797397824051929e-02
9.011424490942039275e-03
-2.968220382297598239e-03
3.021558221599151065e-03
1.585728304112582997e-03
1.220659707582618606e-03
4.144792104514950087e-03
6.355705375964758146e-03
-5.286161792537860150e-03
-1.010683768878002306e-02
7.538855060433610061e-03
-7.658169812524503670e-03
-8.441992947192208940e-03
-2.539397702806209592e-03
-2.299986605392597121e-03
-9.821588802494167492e-03
-4.860877789071359895e-03
-8.138930801509318066e-03
3.676471519109819966e-03
6.580380274736973012e-03
-1.004929431411508839e-02
-1.411210208609438516e-04
-1.896189067275161344e-02
3.339064682590320732e-03
-2.250887969440478441e-03
-6.779675354945178915e-03
-1.151690943291801576e-03
-9.413909272797636729e-03
-2.644314089475865558e-03
9.729795435330737888e-03
1.096014139321605223e-03
-3.216597834447490565e-03
2.826153248740243765e-03
4.822938473997614300e-03
-1.812332066888441492e-02
6.781140116452303267e-03
-4.162911434273470525e-03
-1.291403610313736068e-04
-4.636099539921628536e-03
-1.779847146709592374e-03
-1.046760589761578340e-02
3.653359444603592777e-03
-6.432909952926280962e-03
5.848596296937768821e-03
7.219871836790163304e-03
1.303515110190305720e-02
-1.216909261779315979e-02
-1.068007240279336689e-02
-1.055623288093263980e-03
-2.059820986727228971e-03
-1.170374958789479128e-02
-1.069761943732579733e-02
-4.430470404559779495e-03
-1.196204484014313542e-02
-5.255214861312481646e-03
9.395092937279992187e-03
-8.098079356085715816e-03
-9.461453063646145523e-03
1.026951373480717612e-03
-2.049808404424257290e-03
2.333621262447250263e-03
-5.774353360955651951e-03
3.940901767294497163e-03
-1.448392725862644032e-03
-1.386875872314709051e-03
-2.234617797829969023e-04
-8.188706669389103632e-03
-8.491843038408010066e-03
9.736008286962416491e-03
2.497293101812093734e-03
-6.094067542712265639e-03
-6.141386630703382296e-03
1.112839429115210612e-03
-2.544481053016280081e-03
-2.979419068836529003e-03
4.259760628770725178e-03
-8.000222392734750512e-03
7.806612573322689770e-04
-1.233119556608432837e-02
-5.093770495496444291e-04
-8.079209525221795266e-03
-1.198278895170372740e-02
-3.217876707217518211e-03
-1.743777155174383239e-02
-3.827459133925256371e-03
-1.977849184993309833e-02
3.156745084388595801e-03
-2.203931277531759325e-02
-8.273501489200882006e-03
-4.852543256039830791e-03
-5.784683996066750447e-03
-3.379471750315921150e-03
6.457965890853603098e-03
5.808097869655276524e-03
-1.887321066823608937e-02
-9.324353329933829024e-03
-5.021218146126930687e-04
-4.593283258832157184e-03
-7.885920191313554664e-03
-8.039502698766319566e-03
-5.613032603641201698e-03
-1.338200457848865918e-03
8.092593929380052439e-03
-8.971292783675808777e-03
-1.093288148469875529e-02
-9.311194609852661494e-03
-4.586038945797289192e-03
-3.550524267270848029e-03
-1.472282997107517144e-02
-1.298152577242436421e-04
1.654557247336932435e-02
5.667695076685585337e-03
3.126705411249420825e-03
2.551101225071510104e-03
-1.596801311472294694e-03
2.970543041594748013e-03
-1.439173562647558940e-02
-6.015273673340984333e-03
-3.004477648789126779e-03
-8.174779581553518956e-03
4.367943738874396561e-03
-6.919319622220448072e-03
-7.234372324796180601e-03
-1.134487849960062571e-02
1.147556144642189815e-03
4.569234605744188459e-03
1.416691190611427467e-02
5.050474334569882325e-03
-4.700142352793095987e-03
3.221954355007212827e-03
1.997273088125103065e-03
-1.502583904436754700e-03
9.952245433221681373e-04
-1.581891213178099678e-02
3.068159392578598960e-03
-4.935124179301504893e-05
-9.176320380251368550e-03
2.335868041642071360e-03
6.128104161544311451e-03
6.841362104812290929e-03
6.791024989142040082e-04
-1.239020919441157983e-02
1.879007808954410432e-03
-1.539596930472361550e-03
-6.273289486332503167e-04
-4.913323137518442636e-03
-1.099390970372992292e-02
-4.305323749399005313e-03
1.407824137895584936e-02
-5.595234108746601279e-03
-5.302406131185189407e-03
-8.037835694864563577e-03
-4.810857291992618433e-03
2.226517080853117510e-03
-1.045904941234239438e-02
-3.041209373370777017e-03
-1.170775999480637257e-02
1.966760543787493022e-03
-7.754201967062559868e-03
-6.897671381105968365e-05
2.159690937368040093e-03
-1.313442440555863573e-02
-4.684703887789908559e-03
-3.905064198200818796e-03
-2.689154110846937121e-03
-3.084990554434369637e-03
1.968227277032776838e-03
-9.258037904742414011e-04
2.146443675197178165e-03
8.924697857368759637e-04
2.022853682543634263e-03
-5.845491358786128813e-03
-1.077371331886703941e-02
-7.135672151126487431e-04
-7.186206467410809380e-03
-6.064344452180468574e-03
1.415693681434102274e-03
-1.422651238491682950e-02
-2.873239702792650119e-03
9.846939678733419160e-03
-5.277373665798907459e-03
-1.014646119535596649e-02
1.769771019074528910e-03
2.582107334538782245e-03
-1.539858381002001328e-02
-4.998410296893435190e-03
-1.008688654143389749e-02
2.091102211318392103e-03
-6.297846732067440695e-03
2.262711325023007735e-04
-8.150452785119555177e-03
7.084251506349845693e-04
1.028011552588150700e-03
-7.822983057692625350e-03
-1.000526705628436257e-02
1.624327791509974596e-03
2.160885292858947572e-03
-1.499893140203339091e-04
2.451562012376964483e-03
-9.643397338637237776e-03
-2.688695982869170661e-03
-9.430273655897273427e-03
-4.481596117729342785e-03
-8.616986800536401148e-03
-8.224493381501923189e-03
5.669700064338274899e-03
2.870449671941053757e-03
-1.335652717886901333e-02
-1.391386628656111381e-02
-6.230768550507619769e-03
-1.189444503584465582e-03
8.264603444960365135e-04
-8.188059073222451675e-03
8.427490744952970125e-03
8.592266014515279483e-04
4.064370991881262329e-03
-8.011684420557749903e-03
-1.796233005647567644e-03
-8.178515107897348091e-03
-7.579604624300272271e-03
-1.597940190712908437e-02
-4.763687442110812868e-04
-1.133930741376340534e-03
-6.478040662799827189e-03
-1.271620289065303333e-02
-2.874259574493046986e-03
8.615787686428047834e-03
-1.107717235657147345e-02
-5.317306705586929104e-03
-7.354059751415273349e-03
-7.409938772190155162e-03
-1.796284138556722421e-02
-1.004097468694512343e-02
8.204240489985484275e-03
2.960292514818506186e-03
-2.009628998200697295e-03
-2.563515969628516085e-03
-1.852586755735704388e-02
8.374689885814164472e-03
-1.708333908771629897e-02
4.080332058582284739e-03
6.284498943529598543e-03
-7.677261409128104119e-03
9.301100959012582534e-03
9.419667718949835053e-03
-9.613494581470561143e-03
-1.821775836286793418e-02
-1.562916065839442537e-03
-1.168170407355939924e-02
-4.012039765097581007e-03
3.715780200745853225e-03
-1.251212449577647316e-02
5.391237722017483674e-04
9.517783748288304729e-03
-3.182987013919483157e-03
-3.875960543315740397e-03
-1.169474506033525187e-02
-1.091691172838372970e-02
6.590596551757917781e-03
-1.727134387135490640e-02
-2.678367742207030285e-03
-6.647260670441944470e-03
-1.958510773788699200e-02
1.065986657963158973e-02
1.014094416900841429e-03
-8.071631709330456469e-03
-1.157778831202474663e-02
-2.199297229137360879e-02
-1.426023465093013802e-02
-7.865996989569636402e-03
-1.365272341528922517e-02
4.563462531385436421e-03
-1.231401865365324387e-02
1.902640496532772727e-03
-5.267294491759928407e-03
7.244403063286478442e-03
-2.195787174933539702e-03
-5.072062162036223426e-03
-1.069089962353344907e-02
-2.797192965057329617e-03
9.733814617294000993e-03
-7.490036821698441323e-03
1.551875312576378712e-03
-1.134617522761777013e-02
-1.216853761452447481e-03
-1.643311398196898102e-02
-3.286803649447241678e-03
-5.684507063535601361e-04
3.458840226099754288e-03
6.176165727901111735e-03
-6.044222835336795531e-03
2.670246232615532123e-03
-2.042940373882572939e-03
4.618586965517086141e-04
-1.211817421295400578e-02
-1.053383099671742289e-04
5.053307800136339935e-03
-5.413860849173495566e-04
-2.028896228572213759e-03
7.927853598950908949e-04
-5.115062950002731944e-03
-4.187074205215590879e-03
-4.621878204867410633e-03
-9.837819359783735174e-03
-7.916797815697785082e-03
-7.065808153516020887e-03
-6.379495255971437406e-03
-5.171362342481062267e-03
-4.892034540028834116e-03
7.481857831962123936e-03
-7.616055823536492519e-03
-3.002220985272276415e-03
1.757429226141421543e-05
-1.213478958322360135e-02
-8.908021844853397653e-03
-7.685884982401483545e-03